2,
3,
6,
7,
8,
9,
10,
11,
12,
13,
14,
15,
16,
17,
19,
20,
21,
22,
23,
24,
25,
26,
27,
28,
29,
30,
31,
32,
33,
34,
35,
36,
37,
39,
40,
41,
42,
44,
45,
46,
47,
48,
49,
50,
51,
52,
53,
54,
55,
56,
58,
59,
60,
61,
62,
63,
64,
65,
66,
68,
69,
70,
71,
72,
73,
74,
75,
76,
77,
78,
79,
80,
81,
83,
85,
86,
89,
90,
91,
92,
93,
95,
96,
97,
98,
99,
100,
103,
104,
105,
107,
108,
110,
111,
112,
113,
114,
117,
119,
121,
122,
123,
124,
125,
126,
127,
128,
130,
131,
132,
133,
134,
135,
136,
137,
138,
139,
140,
141,
142,
143,
144,
145,
147,
148,
149,
150,
151,
152,
153,
154,
155,
157,
158,
159,
160,
161,
162,
163,
164,
166,
168,
169,
171,
172,
174,
175,
176,
177,
178,
179,
180,
182,
183,
185,
187,
188,
189,
190,
191,
193,
194,
196,
197,
198,
199,
200,
201,
202,
204,
205,
206,
207,
211,
212,
214,
215,
216,
217,
218,
219,
220,
221,
222,
223,
224,
225,
227,
228,
230,
232,
233,
234,
235,
236,
237,
238,
239,
240,
242,
243,
244,
245,
246,
248,
250,
252,
253,
256,
260,
262,
263,
264,
265,
267,
268,
269,
270,
271,
272,
273,
274,
275,
276,
277,
278,
280,
282,
283,
286,
287,
288,
289,
290,
291,
292,
293,
294,
295,
297,
298,
300,
301,
303,
306,
307,
308,
309,
311,
315,
316,
317,
319,
320,
321,
322,
324,
325,
326,
327,
329,
331,
336,
337,
338,
339,
340,
341,
343,
346,
347,
348,
349,
350,
356,
357,
358,
359,
360,
362,
363,
364,
365,
366,
368,
369,
370,
371,
372,
375,
376,
377,
378,
381,
383,
384,
385,
387,
388,
389,
391,
394,
395,
396,
399,
400,
402,
403,
405,
407,
408,
410,
411,
413,
414,
415,
417,
418,
419,
420,
421,
422,
426,
429,
430,
431,
433,
434,
436,
437,
444,
445,
446,
447,
448,
451,
452,
453,
454,
455,
456,
457,
458,
460,
463,
464,
465,
466,
467,
468,
470,
471,
472,
473,
474,
475,
476,
478,
479,
480,
481,
482,
483,
484,
485,
486,
488,
490,
491,
492,
493,
494,
495,
496,
498,
499,
501,
502,
503,
504,
505,
506,
508,
509,
510,
511,
512,
514,
517,
518,
519,
520,
522,
523,
524,
525,
526,
527,
528,
529,
531,
532,
533,
534,
535,
537,
538,
539,
540,
541,
542,
543,
544,
545,
546,
548,
549,
550,
551,
552,
553,
554,
555,
556,
557,
558,
559,
561,
563,
564,
565,
567,
568,
570,
571,
572,
573,
574,
575,
576,
577,
579,
580,
581,
582,
584,
585,
586,
587,
588,
589,
590,
591,
592,
593,
594,
597,
598,
599,
600,
601,
602,
603,
605,
606,
607,
608,
609,
610,
612,
613,
614,
615,
616,
617,
618,
619,
620,
621,
622,
623,
625,
627,
629,
630,
631,
632,
633,
634,
635,
636,
637,
639,
640,
641,
642,
643,
646,
647,
648,
649,
650,
651,
652,
653,
654,
656,
657,
658,
659,
660,
661,
662,
664,
666,
667,
668,
670,
674,
675,
676,
677,
678,
679,
680,
682,
683,
684,
685,
687,
689,
690,
691,
692,
694,
695,
696,
698,
699,
700,
703,
704,
705,
706,
707,
708,
709,
710,
711,
712,
713,
716,
717,
718,
719,
720,
721,
722,
723,
725,
726,
727,
728,
729,
732,
733,
734,
735,
736,
737,
738,
739,
740,
741,
742,
743,
744,
745,
746,
748,
749,
750,
751,
752,
753,
756,
757,
758,
759,
762,
763,
764,
765,
766,
767,
768,
769,
771,
772,
773,
774,
775,
776,
777,
778,
782,
786,
787,
789,
790,
791,
793,
794,
795,
796,
798,
799,
800,
802,
803,
804,
805,
807,
808,
811,
812,
813,
815,
816,
817,
818,
819,
820,
821,
822,
823,
824,
825,
826,
828,
829,
830,
831,
832,
834,
835,
836,
837,
839,
840,
841,
842,
843,
845,
846,
847,
848,
849,
851,
852,
853,
854,
855,
857,
858,
859,
860,
863,
864,
866,
867,
868,
869,
870,
871,
872,
873,
875,
876,
877,
878,
879,
882,
883,
884,
885,
886,
887,
888,
889,
890,
891,
892,
893,
894,
895,
896,
897,
900,
902,
904,
905,
907,
910,
911,
912,
913,
914,
915,
916,
917,
918,
919,
920,
921,
922,
923,
924,
925,
926,
927,
929,
930,
931,
932,
933,
934,
935,
938,
939,
940,
941,
943,
944,
946,
947,
951,
952,
953,
954,
956,
957,
958,
960,
961,
962,
963,
964,
965,
966,
967,
968,
969,
970,
971,
972,
973,
974,
975,
976,
977,
978,
979,
980,
982,
987,
988,
989,
991,
992,
993,
995,
996,
997,
998,
999,
1000,
1001,
1003,
1004,
1005,
1007,
1008,
1009,
1010,
1012,
1013,
1014,
1015,
1017,
1018,
1019,
1022,
1024,
1025,
1026,
1027,
1028,
1029,
1030,
1031,
1032,
1033,
1034,
1036,
1038,
1039,
1040,
1041,
1042,
1043,
1045,
1046,
1047,
1048,
1049,
1050,
1051,
1052,
1053,
1054,
1055,
1056,
1057,
1058,
1059,
1060,
1061,
1062,
1063,
1065,
1067,
1069,
1070,
1071,
1072,
1073,
1074,
1075,
1076,
1080,
1081,
1082,
1083,
1084,
1085,
1087,
1088,
1089,
1090,
1092,
1093,
1094,
1095,
1096,
1097,
1098,
1099,
1100,
1101,
1102,
1103,
1104,
1105,
1106,
1107,
1112,
1114,
1115,
1116,
1117,
1118,
1119,
1120,
1123,
1125,
1126,
1128,
1129,
1131,
1132,
1133,
1134,
1135,
1136,
1137,
1138,
1139,
1140,
1141,
1142,
1144,
1147,
1149,
1151,
1152,
1153,
1155,
1156,
1159,
1161,
1162,
1163,
1166,
1167,
1169,
1171,
1172,
1176,
1177,
1178,
1180,
1181,
1182,
1187,
1188,
1191,
1193,
1194,
1195,
1196,
1197,
1199,
1204,
1211,
1212,
1215,
1216,
1217,
1218,
1220,
1222,
1223,
1225,
1227,
1230,
1231,
1232,
1233,
1234,
1238,
1239,
1241,
1245,
1248,
1249,
1250,
1251,
1252,
1254,
1256,
1257,
1258,
1259,
1260,
1262,
1263,
1264,
1265,
1266,
1268,
1269,
1270,
1271,
1272,
1273,
1274,
1276,
1278,
1279,
1281,
1283,
1284,
1285,
1287,
1288,
1289,
1290,
1291,
1293,
1297,
1298,
1300,
1301,
1302,
1304,
1305,
1308,
1310,
1311,
1312,
1315,
1317,
1319,
1320,
1321,
1324,
1325,
1326,
1327,
1328,
1331,
1332,
1334,
1335,
1336,
1337,
1338,
1339,
1340,
1341,
1342,
1343,
1344,
1345,
1347,
1348,
1349,
1350,
1351,
1355,
1357,
1360,
1361,
1362,
1363,
1367,
1369,
1370,
1371,
1373,
1374,
1376,
1377,
1382,
1384,
1385,
1386,
1387,
1388,
1392,
1394,
1395,
1396,
1397,
1399,
1401,
1402,
1403,
1404,
1405,
1406,
1407,
1408,
1409,
1410,
1412,
1413,
1414,
1417,
1419,
1421,
1423,
1425,
1426,
1427,
1428,
1430,
1433,
1435,
1436,
1437,
1438,
1440,
1441,
1442,
1444,
1445,
1446,
1449,
1450,
1452,
1454,
1457,
1459,
1460,
1464,
1465,
1466,
1467,
1468,
1469,
1470,
1471,
1473,
1474,
1475,
1476,
1477,
1480,
1482,
1483,
1488,
1489,
1491,
1492,
1493,
1495,
1498,
1500,
1501,
1504,
1507,
1508,
1510,
1511,
1513,
1518,
1519,
1520,
1522,
1525,
1528,
1530,
1531,
1533,
1537,
1538,
1539,
1540,
1541,
1543,
1544,
1545,
1547,
1548,
1549,
1551,
1552,
1555,
1557,
1558,
1560,
1561,
1562,
1563,
1566,
1571,
1572,
1574,
1575,
1579,
1580,
1581,
1582,
1583,
1586,
1591,
1592,
1593,
1595,
1596,
1597,
1598,
1600,
1601,
1602,
1604,
1605,
1607,
1608,
1609,
1611,
1612,
1615,
1618,
1620,
1621,
1622,
1623,
1626,
1627,
1629,
1631,
1633,
1634,
1635,
1636,
1637,
1638,
1639,
1640,
1641,
1642,
1643,
1644,
1645,
1646,
1647,
1648,
1649,
1650,
1651,
1653,
1654,
1655,
1657,
1658,
1659,
1660,
1662,
1663,
1664,
1667,
1669,
1670,
1671,
1674,
1677,
1678,
1679,
1680,
1681,
1682,
1683,
1684,
1685,
1686,
1688,
1691,
1692,
1693,
1694,
1695,
1696,
1697,
1698,
1699,
1700,
1701,
1702,
1704,
1705,
1706,
1707,
1708,
1709,
1710,
1711,
1712,
1713,
1714,
1716,
1717,
1718,
1719,
1722,
1723,
1727,
1730,
1732,
1733,
1734,
1735,
1737,
1738,
1739,
1741,
1742,
1743,
1744,
1746,
1747,
1748,
1750,
1751,
1756,
1757,
1760,
1761,
1762,
1763,
1765,
1769,
1770,
1771,
1772,
1773,
1775,
1776,
1780,
1782,
1783,
1785,
1786,
1787,
1788,
1789,
1790,
1791,
1792,
1795,
1798,
1799,
1800,
1802,
1803,
1804,
1805,
1806,
1807,
1808,
1809,
1810,
1812,
1814,
1816,
1817,
1818,
1820,
1821,
1822,
1824,
1827,
1829,
1830,
1831,
1832,
1833,
1836,
1837,
1838,
1839,
1840,
1841,
1842,
1844,
1845,
1847,
1848,
1849,
1850,
1852,
1853,
1854,
1857,
1859,
1863,
1864,
1868,
1869,
1870,
1871,
1872,
1873,
1874,
1875,
1876,
1877,
1878,
1879,
1880,
1881,
1882,
1883,
1884,
1885,
1886,
1888,
1889,
1890,
1891,
1892,
1894,
1895,
1896,
1897,
1898,
1899,
1900,
1901,
1902,
1903,
1904,
1905,
1907,
1908,
1909,
1911,
1912,
1913,
1915,
1917,
1919,
1920,
1922,
1923,
1924,
1927,
1928,
1929,
1930,
1931,
1933,
1934,
1935,
1937,
1939,
1941,
1942,
1943,
1944,
1945,
1946,
1947,
1948,
1949,
1950,
1951,
1952,
1953,
1954,
1955,
1956,
1958,
1959,
1960,
1961,
1962,
1963,
1964,
1965,
1966,
1967,
1969,
1970,
1971,
1972,
1973,
1974,
1975,
1976,
1977,
1978,
1980,
1981,
1982,
1983,
1984,
1985,
1986,
1987,
1988,
1989,
1991,
1992,
1993,
1994,
1995,
1996,
1997,
1998,
1999,
2000,
2002,
2003,
2006,
2007,
2009,
2010,
2011,
2012,
2013,
2014,
2015,
2017,
2018,
2019,
2020,
2021,
2023,
2024,
2025,
2027,
2028,
2031,
2032,
2033,
2034,
2035,
2036,
2037,
2038,
2039,
2040,
2041,
2043,
2044,
2045,
2046,
2047,
2048,
2049,
2050,
2054,
2055,
2056,
2057,
2058,
2059,
2060,
2061,
2062,
2063,
2064,
2066,
2067,
2068,
2069,
2070,
2071,
2072,
2073,
2074,
2075,
2076,
2077,
2078,
2079,
2080,
2083,
2084,
2085,
2086,
2087,
2088,
2089,
2090,
2091,
2092,
2093,
2094,
2097,
2098,
2099,
2100,
2101,
2102,
2103,
2104,
2105,
2107,
2108,
2110,
2111,
2113,
2118,
2119,
2120,
2121,
2123,
2126,
2127,
2131,
2132,
2133,
2134,
2135,
2136,
2138,
2139,
2140,
2141,
2143,
2144,
2145,
2148,
2149,
2150,
2151,
2152,
2153,
2154,
2155,
2156,
2157,
2159,
2160,
2161,
2162,
2164,
2165,
2166,
2167,
2168,
2169,
2170,
2171,
2172,
2173,
2174,
2176,
2179,
2180,
2181,
2183,
2185,
2186,
2187,
2188,
2189,
2190,
2191,
2193,
2194,
2195,
2196,
2197,
2198,
2199,
2200,
2202,
2203,
2204,
2205,
2206,
2207,
2208,
2209,
2211,
2212,
2213,
2215,
2216,
2217,
2218,
2219,
2220,
2221,
2223,
2224,
2225,
2226,
2227,
2230,
2231,
2232,
2234,
2235,
2236,
2239,
2240,
2242,
2243,
2244,
2245,
2246,
2247,
2248,
2249,
2250,
2251,
2253,
2254,
2256,
2257,
2263,
2265,
2266,
2267,
2268,
2269,
2270,
2273,
2275,
2277,
2280,
2282,
2283,
2286,
2287,
2289,
2290,
2292,
2293,
2296,
2297,
2298,
2299,
2300,
2301,
2304,
2305,
2307,
2308,
2310,
2311,
2312,
2313,
2314,
2315,
2317,
2318,
2321,
2322,
2323,
2324,
2326,
2329,
2330,
2331,
2332,
2333,
2334,
2335,
2339,
2340,
2341,
2342,
2343,
2344,
2345,
2346,
2349,
2350,
2352,
2353,
2354,
2355,
2356,
2357,
2359,
2360,
2361,
2362,
2363,
2365,
2366,
2367,
2370,
2371,
2372,
2373,
2374,
2375,
2376,
2378,
2380,
2381,
2383,
2384,
2385,
2389,
2390,
2392,
2395,
2396,
2398,
2401,
2403,
2404,
2406,
2408,
2410,
2411,
2414,
2415,
2416,
2418,
2419,
2421,
2423,
2425,
2427,
2435,
2436,
2438,
2439,
2442,
2444,
2445,
2446,
2448,
2450,
2451,
2453,
2454,
2457,
2460,
2461,
2463,
2464,
2465,
2470,
2472,
2474,
2475,
2476,
2478,
2480,
2483,
2486,
2487,
2488,
2490,
2491,
2492,
2493,
2494,
2495,
2497,
2500,
2501,
2503,
2504,
2505,
2506,
2507,
2508,
2509,
2510,
2511,
2512,
2514,
2515,
2516,
2518,
2519,
2521,
2522,
2524,
2526,
2527,
2528,
2529,
2530,
2533,
2536,
2538,
2539,
2540,
2542,
2544,
2545,
2546,
2548,
2549,
2550,
2552,
2553,
2555,
2557,
2558,
2561,
2562,
2563,
2566,
2570,
2571,
2572,
2573,
2574,
2575,
2576,
2577,
2578,
2579,
2580,
2582,
2583,
2584,
2585,
2586,
2587,
2588,
2589,
2590,
2591,
2592,
2593,
2594,
2595,
2597,
2599,
2600,
2601,
2604,
2605,
2607,
2608,
2611,
2612,
2613,
2614,
2615,
2616,
2617,
2619,
2621,
2623,
2624,
2625,
2626,
2627,
2629,
2630,
2632,
2633,
2634,
2635,
2636,
2637,
2638,
2639,
2640,
2641,
2642,
2643,
2644,
2645,
2647,
2648,
2650,
2651,
2652,
2653,
2654,
2655,
2656,
2657,
2659,
2661,
2663,
2664,
2665,
2666,
2667,
2668,
2669,
2671,
2672,
2673,
2676,
2677,
2678,
2679,
2680,
2681,
2682,
2683,
2684,
2686,
2687,
2688,
2689,
2690,
2691,
2692,
2693,
2694,
2695,
2696,
2697,
2699,
2700,
2703,
2705,
2707,
2708,
2710,
2711,
2714,
2715,
2716,
2717,
2718,
2719,
2720,
2721,
2722,
2723,
2724,
2725,
2726,
2728,
2729,
2730,
2731,
2732,
2733,
2737,
2738,
2740,
2741,
2742,
2743,
2744,
2745,
2747,
2748,
2749,
2750,
2751,
2752,
2753,
2754,
2756,
2757,
2758,
2761,
2762,
2763,
2764,
2766,
2777,
2778,
2779,
2780,
2781,
2783,
2786,
2787,
2788,
2789,
2790,
2791,
2792,
2793,
2795,
2797,
2803,
2804,
2805,
2808,
2810,
2812,
2813,
2814,
2815,
2816,
2817,
2818,
2821,
2822,
2823,
2825,
2826,
2827,
2828,
2829,
2831,
2832,
2833,
2834,
2835,
2836,
2837,
2839,
2840,
2841,
2842,
2843,
2846,
2847,
2848,
2849,
2850,
2851,
2853,
2857,
2858,
2859,
2860,
2861,
2862,
2863,
2864,
2865,
2866,
2867,
2868,
2869,
2870,
2871,
2872,
2875,
2876,
2877,
2878,
2879,
2882,
2883,
2884,
2885,
2886,
2888,
2890,
2891,
2893,
2894,
2895,
2896,
2897,
2898,
2900,
2901,
2902,
2904,
2905,
2907,
2908,
2909,
2910,
2912,
2913,
2914,
2916,
2917,
2918,
2919,
2920,
2921,
2922,
2923,
2925,
2926,
2927,
2928,
2929,
2930,
2932,
2933,
2936,
2937,
2938,
2942,
2943,
2944,
2945,
2946,
2947,
2948,
2949,
2951,
2953,
2955,
2958,
2959,
2960,
2961,
2963,
2965,
2967,
2970,
2971,
2972,
2973,
2974,
2977,
2979,
2980,
2981,
2982,
2983,
2984,
2986,
2987,
2990,
2991,
2992,
2996,
2997,
2999,
3001,
3002,
3003,
3005,
3006,
3009,
3010,
3011,
3013,
3015,
3016,
3019,
3020,
3021,
3022,
3023,
3025,
3026,
3027,
3028,
3029,
3031,
3034,
3037,
3038,
3040,
3041,
3042,
3043,
3044,
3045,
3048,
3049,
3051,
3053,
3057,
3059,
3063,
3065,
3066,
3067,
3068,
3070,
3071,
3072,
3073,
3074,
3075,
3076,
3077,
3079,
3080,
3081,
3083,
3084,
3085,
3086,
3088,
3089,
3090,
3091,
3093,
3095,
3097,
3099,
3100,
3102,
3103,
3105,
3106,
3107,
3108,
3109,
3110,
3111,
3112,
3113,
3115,
3116,
3117,
3118,
3119,
3121,
3124,
3125,
3126,
3127,
3128,
3130,
3131,
3133,
3134,
3137,
3138,
3139,
3140,
3141,
3144,
3145,
3146,
3148,
3149,
3150,
3153,
3154,
3155,
3158,
3159,
3160,
3161,
3162,
3163,
3164,
3165,
3166,
3167,
3168,
3170,
3172,
3173,
3174,
3175,
3177,
3179,
3180,
3182,
3183,
3184,
3185,
3186,
3187,
3189,
3191,
3193,
3194,
3196,
3198,
3199,
3200,
3201,
3202,
3203,
3204,
3205,
3206,
3207,
3208,
3209,
3210,
3212,
3213,
3214,
3215,
3216,
3217,
3218,
3219,
3220,
3221,
3223,
3224,
3225,
3226,
3228,
3231,
3232,
3233,
3234,
3235,
3236,
3237,
3238,
3239,
3240,
3241,
3244,
3246,
3247,
3248,
3249,
3250,
3251,
3252,
3254,
3256,
3258,
3259,
3260,
3261,
3262,
3264,
3265,
3267,
3268,
3269,
3270,
3271,
3272,
3273,
3274,
3275,
3276,
3277,
3278,
3279,
3281,
3282,
3286,
3287,
3292,
3296,
3297,
3298,
3300,
3301,
3302,
3304,
3305,
3306,
3307,
3308,
3309,
3310,
3311,
3312,
3316,
3318,
3319,
3320,
3321,
3323,
3324,
3325,
3326,
3327,
3328,
3329,
3330,
3332,
3333,
3334,
3336,
3337,
3338,
3339,
3341,
3343,
3344,
3345,
3347,
3348,
3349,
3351,
3352,
3353,
3354,
3355,
3357,
3358,
3359,
3361,
3362,
3363,
3365,
3366,
3367,
3368,
3370,
3371,
3375,
3376,
3378,
3380,
3382,
3383,
3384,
3387,
3388,
3390,
3391,
3392,
3393,
3394,
3396,
3397,
3398,
3400,
3401,
3402,
3403,
3405,
3406,
3409,
3411,
3413,
3414,
3416,
3417,
3418,
3419,
3422,
3423,
3426,
3427,
3429,
3431,
3434,
3435,
3436,
3438,
3440,
3443,
3444,
3445,
3447,
3448,
3449,
3450,
3451,
3452,
3453,
3454,
3455,
3456,
3457,
3458,
3459,
3460,
3461,
3462,
3463,
3465,
3466,
3467,
3468,
3469,
3470,
3472,
3473,
3474,
3477,
3481,
3482,
3484,
3487,
3489,
3491,
3492,
3493,
3495,
3496,
3498,
3502,
3508,
3510,
3513,
3514,
3517,
3521,
3524,
3526,
3527,
3528,
3529,
3530,
3532,
3533,
3534,
3535,
3536,
3537,
3538,
3540,
3541,
3542,
3546,
3547,
3548,
3549,
3550,
3551,
3552,
3554,
3555,
3557,
3558,
3559,
3560,
3561,
3562,
3563,
3564,
3565,
3566,
3568,
3570,
3572,
3573,
3574,
3575,
3577,
3581,
3584,
3587,
3593,
3596,
3606,
3607,
3609,
3610,
3612,
3613,
3614,
3616,
3621,
3623,
3634,
3635,
3639,
3640,
3641,
3642,
3643,
3645,
3646,
3647,
3648,
3649,
3651,
3652,
3653,
3654,
3655,
3656,
3657,
3658,
3674,
3676,
3677,
3678,
3679,
3680,
3683,
3687,
3688,
3689,
3690,
3691,
3693,
3694,
3697,
3698,
3700,
3701,
3704,
3707,
3710,
3712,
3713,
3715,
3716,
3717,
3719,
3720,
3722,
3724,
3725,
3729,
3730,
3731,
3733,
3736,
3737,
3738,
3739,
3740,
3741,
3743,
3744,
3745,
3749,
3750,
3752,
3755,
3756,
3758,
3759,
3760,
3761,
3762,
3763,
3764,
3765,
3768,
3771,
3774,
3777,
3778,
3779,
3781,
3782,
3783,
3784,
3785,
3787,
3789,
3791,
3795,
3796,
3797,
3798,
3799,
3800,
3803,
3805,
3808,
3809,
3810,
3811,
3812,
3819,
3826,
3828,
3829,
3831,
3834,
3835,
3839,
3849,
3850,
3856,
3859,
3862,
3864,
3865,
3871,
3874,
3886,
3887,
3890,
3891,
3897,
3901,
3902,
3907,
3909,
3911,
3918,
3926,
3930,
3938,
3943,
3945,
3946,
3950,
3952,
3953,
3956,
3959,
3961,
3967,
3969,
3971,
3974,
3977,
3978,
3979,
3982,
3988,
3992,
3993,
3994,
3995,
3997,
3999,
4000,
4015,
4018,
4019,
4035,
4037,
4039,
4042,
4050,
4054,
4057,
4058,
4059,
4060,
4095,
4097,
4099,
4100,
4112,
4122,
4132,
4150,
4172,
4180,
4188,
4197,
4207,
4209,
4213,
4218,
4219,
4220,
4225,
4226,
4227,
4231,
4232,
4233,
4236,
4237,
4241,
4243,
4251,
4252,
4253,
4259,
4262,
4268,
4269,
4275,
4278,
4279,
4280,
4281,
4283,
4286,
4288,
4295,
4296,
4297,
4298,
4299,
4302,
4303,
4305,
4306,
4307,
4308,
4309,
4311,
4312,
4313,
4315,
4319,
4320,
4321,
4322,
4323,
4324,
4325,
4326,
4327,
4328,
4329,
4330,
4331,
4332,
4333,
4334,
4336,
4337,
4338,
4339,
4340,
4341,
4342,
4343,
4345,
4347,
4348,
4349,
4352,
4354,
4356,
4357,
4358,
4359,
4360,
4361,
4362,
4363,
4364,
4365,
4366,
4368,
4369,
4370,
4371,
4372,
4373,
4374,
4375,
4376,
4377,
4378,
4379,
4380,
4381,
4382,
4383,
4384,
4385,
4386,
4387,
4388,
4389,
4390,
4392,
4394,
4395,
4396,
4397,
4398,
4399,
4400,
4401,
4404,
4405,
4406,
4407,
4408,
4409,
4411,
4414,
4415,
4416,
4417,
4418,
4419,
4420,
4421,
4422,
4423,
4425,
4426,
4428,
4429,
4430,
4431,
4432,
4433,
4434,
4437,
4438,
4439,
4440,
4442,
4443,
4444,
4445,
4446,
4447,
4448,
4450,
4451,
4452,
4453,
4454,
4458,
4459,
4461,
4463,
4464,
4466,
4467,
4468,
4469,
4470,
4471,
4472,
4474,
4476,
4478,
4481,
4482,
4484,
4485,
4487,
4488,
4490,
4491,
4492,
4493,
4495,
4496,
4499,
4502,
4510,
4523,
4524,
4527,
4528,
4529,
4532,
4535,
4540,
4552,
4554,
4557,
4558,
4562,
4563,
4565,
4566,
4568,
4570,
4571,
4573,
4575,
4576,
4580,
4581,
4582,
4586,
4589,
4590,
4591,
4592,
4594,
4598,
4599,
4601,
4602,
4603,
4605,
4606,
4607,
4608,
4609,
4610,
4611,
4614,
4616,
4617,
4618,
4619,
4621,
4622,
4625,
4626,
4629,
4630,
4631,
4632,
4633,
4634,
4635,
4637,
4639,
4646,
4660,
4661,
4664,
4673,
4676,
4679,
4681,
4684,
4686,
4688,
4689,
4690,
4691,
4692,
4695,
4696,
4699,
4704,
4712,
4713,
4717,
4719,
4722,
4724,
4727,
4729,
4732,
4734,
4736,
4737,
4742,
4743,
4746,
4749,
4751,
4752,
4754,
4755,
4756,
4757,
4758,
4761,
4762,
4763,
4764,
4768,
4771,
4779,
4780,
4783,
4784,
4785,
4786,
4787,
4789,
4790,
4791,
4792,
4794,
4795,
4796,
4797,
4798,
4799,
4800,
4802,
4804,
4808,
4809,
4810,
4813,
4814,
4818,
4819,
4820,
4821,
4823,
4825,
4826,
4828,
4831,
4835,
4836,
4839,
4840,
4841,
4844,
4845,
4846,
4848,
4850,
4851,
4852,
4854,
4855,
4856,
4857,
4859,
4860,
4861,
4863,
4864,
4866,
4870,
4871,
4872,
4875,
4876,
4878,
4879,
4880,
4881,
4885,
4886,
4887,
4889,
4890,
4891,
4894,
4897,
4898,
4900,
4901,
4902,
4904,
4905,
4906,
4909,
4910,
4911,
4912,
4913,
4914,
4915,
4916,
4918,
4919,
4920,
4921,
4923,
4924,
4925,
4926,
4927,
4930,
4931,
4933,
4934,
4935,
4936,
4937,
4938,
4940,
4941,
4942,
4943,
4944,
4945,
4947,
4948,
4950,
4952,
4955,
4959,
4960,
4961,
4962,
4963,
4964,
4966,
4968,
4969,
4970,
4971,
4972,
4974,
4975,
4976,
4977,
4979,
4980,
4981,
4987,
4990,
4991,
4993,
4997,
5001,
5003,
5004,
5005,
5008,
5009,
5010,
5011,
5013,
5017,
5019,
5021,
5025,
5026,
5028,
5033,
5035,
5036,
5037,
5039,
5041,
5042,
5043,
5045,
5048,
5050,
5054,
5059,
5060,
5063,
5066,
5067,
5068,
5069,
5070,
5072,
5084,
5085,
5086,
5089,
5090,
5092,
5093,
5096,
5099,
5100,
5101,
5102,
5103,
5104,
5105,
5106,
5107,
5108,
5109,
5110,
5112,
5113,
5115,
5116,
5117,
5120,
5121,
5129,
5132,
5133,
5134,
5135,
5136,
5143,
5144,
5145,
5146,
5147,
5148,
5150,
5151,
5152,
5155,
5156,
5157,
5160,
5162,
5164,
5165,
5168,
5170,
5172,
5174,
5176,
5177,
5178,
5180,
5181,
5182,
5183,
5184,
5185,
5186,
5187,
5190,
5191,
5193,
5194,
5195,
5197,
5198,
5199,
5200,
5201,
5202,
5203,
5206,
5207,
5208,
5210,
5211,
5212,
5213,
5214,
5215,
5216,
5217,
5218,
5219,
5220,
5222,
5223,
5224,
5225,
5227,
5229,
5230,
5231,
5233,
5234,
5235,
5237,
5238,
5240,
5241,
5242,
5243,
5244,
5245,
5246,
5247,
5248,
5249,
5250,
5253,
5254,
5255,
5256,
5257,
5258,
5259,
5261,
5262,
5263,
5264,
5265,
5266,
5267,
5268,
5272,
5273,
5274,
5275,
5278,
5280,
5281,
5285,
5288,
5289,
5290,
5291,
5292,
5293,
5294,
5295,
5297,
5300,
5301,
5302,
5303,
5304,
5305,
5306,
5307,
5308,
5310,
5311,
5312,
5313,
5314,
5316,
5317,
5318,
5320,
5321,
5322,
5323,
5324,
5325,
5326,
5327,
5328,
5329,
5332,
5335,
5336,
5338,
5339,
5340,
5341,
5343,
5344,
5345,
5346,
5347,
5348,
5349,
5352,
5353,
5354,
5356,
5357,
5359,
5360,
5363,
5365,
5366,
5368,
5369,
5372,
5374,
5376,
5381,
5384,
5386,
5387,
5389,
5390,
5396,
5400,
5401,
5403,
5404,
5406,
5407,
5411,
5413,
5415,
5416,
5419,
5420,
5421,
5422,
5423,
5424,
5425,
5428,
5429,
5430,
5432,
5435,
5437,
5439,
5441,
5442,
5445,
5446,
5449,
5450,
5451,
5453,
5456,
5458,
5461,
5462,
5463,
5464,
5465,
5466,
5469,
5472,
5473,
5474,
5476,
5477,
5478,
5479,
5482,
5483,
5484,
5486,
5487,
5490,
5494,
5495,
5498,
5502,
5505,
5506,
5508,
5510,
5511,
5512,
5513,
5517,
5518,
5520,
5521,
5522,
5523,
5524,
5525,
5526,
5527,
5528,
5531,
5532,
5534,
5535,
5537,
5540,
5541,
5542,
5543,
5546,
5547,
5548,
5550,
5556,
5558,
5560,
5561,
5562,
5563,
5564,
5565,
5567,
5571,
5572,
5574,
5575,
5576,
5579,
5580,
5583,
5584,
5585,
5586,
5587,
5588,
5590,
5592,
5593,
5595,
5597,
5598,
5599,
5600,
5602,
5603,
5605,
5606,
5607,
5608,
5609,
5612,
5613,
5616,
5617,
5619,
5620,
5621,
5622,
5623,
5625,
5626,
5627,
5632,
5638,
5639,
5640,
5643,
5645,
5648,
5650,
5652,
5653,
5655,
5656,
5659,
5661,
5665,
5667,
5671,
5676,
5678,
5679,
5680,
5681,
5682,
5684,
5686,
5687,
5688,
5689,
5692,
5694,
5696,
5700,
5701,
5707,
5709,
5715,
5716,
5720,
5722,
5723,
5725,
5726,
5731,
5733,
5736,
5739,
5743,
5745,
5746,
5747,
5750,
5752,
5756,
5758,
5759,
5764,
5765,
5766,
5767,
5768,
5769,
5772,
5773,
5775,
5776,
5780,
5781,
5787,
5788,
5789,
5790,
5791,
5792,
5793,
5798,
5802,
5807,
5815,
5817,
5819,
5820,
5824,
5825,
5828,
5829,
5830,
5831,
5832,
5841,
5844,
5849,
5850,
5852,
5853,
5855,
5856,
5857,
5863,
5864,
5866,
5867,
5868,
5871,
5872,
5873,
5875,
5876,
5877,
5878,
5879,
5880,
5881,
5882,
5885,
5886,
5890,
5891,
5892,
5894,
5895,
5897,
5899,
5900,
5905,
5906,
5910,
5912,
5913,
5914,
5916,
5917,
5918,
5920,
5922,
5924,
5927,
5928,
5929,
5930,
5932,
5934,
5938,
5939,
5941,
5942,
5943,
5944,
5945,
5946,
5947,
5948,
5949,
5950,
5951,
5952,
5954,
5956,
5957,
5959,
5961,
5964,
5967,
5968,
5972,
5973,
5974,
5976,
5977,
5978,
5979,
5982,
5984,
5986,
5987,
5988,
5989,
5990,
5991,
5994,
5995,
5997,
5999,
6000,
6006,
6008,
6009,
6011,
6012,
6014,
6016,
6019,
6026,
6028,
6035,
6040,
6042,
6045,
6048,
6051,
6055,
6059,
6060,
6064,
6067,
6069,
6070,
6077,
6086,
6088,
6089,
6092,
6094,
6095,
6097,
6099,
6101,
6106,
6107,
6108,
6109,
6110,
6112,
6114,
6118,
6119,
6121,
6127,
6129,
6134,
6135,
6136,
6140,
6143,
6144,
6145,
6146,
6147,
6149,
6150,
6152,
6153,
6155,
6156,
6157,
6159,
6160,
6161,
6162,
6163,
6165,
6166,
6167,
6169,
6170,
6172,
6174,
6175,
6176,
6179,
6180,
6184,
6185,
6187,
6189,
6190,
6191,
6192,
6193,
6200,
6201,
6202,
6203,
6205,
6206,
6207,
6208,
6209,
6210,
6213,
6216,
6217,
6224,
6226,
6228,
6230,
6232,
6233,
6234,
6236,
6237,
6239,
6243,
6247,
6248,
6251,
6252,
6253,
6254,
6256,
6257,
6261,
6262,
6263,
6264,
6265,
6266,
6267,
6268,
6270,
6273,
6274,
6276,
6277,
6278,
6279,
6280,
6282,
6283,
6285,
6286,
6288,
6289,
6290,
6291,
6292,
6293,
6297,
6298,
6302,
6304,
6308,
6311,
6313,
6315,
6316,
6321,
6323,
6329,
6330,
6332,
6333,
6334,
6335,
6336,
6337,
6339,
6342,
6344,
6346,
6347,
6349,
6350,
6352,
6353,
6355,
6357,
6358,
6361,
6362,
6366,
6367,
6368,
6369,
6370,
6371,
6375,
6376,
6378,
6379,
6380,
6381,
6383,
6384,
6385,
6386,
6387,
6389,
6390,
6391,
6392,
6394,
6397,
6398,
6400,
6402,
6406,
6407,
6408,
6409,
6413,
6414,
6415,
6417,
6420,
6423,
6424,
6426,
6429,
6431,
6432,
6433,
6434,
6437,
6438,
6439,
6440,
6441,
6442,
6443,
6446,
6449,
6450,
6453,
6454,
6456,
6459,
6460,
6461,
6462,
6463,
6465,
6466,
6467,
6470,
6471,
6473,
6476,
6477,
6479,
6480,
6481,
6482,
6483,
6485,
6486,
6487,
6488,
6489,
6490,
6491,
6492,
6493,
6494,
6495,
6496,
6498,
6499,
6500,
6501,
6502,
6503,
6505,
6507,
6508,
6509,
6510,
6511,
6514,
6515,
6516,
6517,
6518,
6519,
6520,
6521,
6522,
6524,
6527,
6528,
6529,
6530,
6531,
6532,
6533,
6535,
6536,
6538,
6539,
6541,
6543,
6544,
6548,
6549,
6552,
6554,
6555,
6557,
6558,
6559,
6560,
6561,
6562,
6563,
6564,
6565,
6566,
6568,
6571,
6572,
6573,
6574,
6575,
6576,
6577,
6579,
6580,
6581,
6582,
6583,
6584,
6585,
6587,
6589,
6590,
6591,
6593,
6595,
6596,
6597,
6598,
6599,
6600,
6603,
6606,
6607,
6608,
6610,
6611,
6615,
6619,
6623,
6628,
6631,
6633,
6637,
6638,
6640,
6641,
6642,
6643,
6644,
6645,
6646,
6647,
6649,
6650,
6655,
6657,
6659,
6660,
6665,
6668,
6670,
6671,
6673,
6677,
6679,
6681,
6682,
6684,
6685,
6687,
6689,
6690,
6691,
6692,
6693,
6694,
6695,
6696,
6698,
6699,
6702,
6703,
6704,
6705,
6706,
6707,
6709,
6710,
6711,
6712,
6713,
6714,
6715,
6716,
6719,
6721,
6722,
6723,
6725,
6727,
6729,
6731,
6732,
6733,
6735,
6737,
6739,
6740,
6742,
6743,
6744,
6747,
6748,
6749,
6751,
6753,
6755,
6756,
6758,
6763,
6765,
6766,
6767,
6768,
6769,
6770,
6771,
6772,
6773,
6774,
6775,
6778,
6779,
6780,
6781,
6782,
6783,
6784,
6785,
6789,
6790,
6794,
6799,
6801,
6802,
6803,
6808,
6812,
6813,
6817,
6818,
6821,
6824,
6825,
6827,
6829,
6834,
6837,
6844,
6846,
6849,
6850,
6851,
6852,
6855,
6858,
6863,
6866,
6870,
6872,
6873,
6879,
6880,
6882,
6886,
6887,
6888,
6889,
6891,
6892,
6893,
6894,
6895,
6896,
6897,
6899,
6901,
6903,
6904,
6906,
6913,
6915,
6916,
6918,
6919,
6921,
6926,
6927,
6929,
6930,
6931,
6932,
6934,
6937,
6938,
6943,
6944,
6946,
6949,
6951,
6955,
6956,
6957,
6958,
6959,
6960,
6961,
6962,
6964,
6965,
6970,
6976,
6977,
6978,
6979,
6980,
6983,
6984,
6986,
6988,
6989,
6990,
6992,
6994,
6999,
7000,
7001,
7002,
7006,
7007,
7009,
7010,
7011,
7015,
7016,
7017,
7018,
7020,
7021,
7023,
7024,
7027,
7029,
7030,
7033,
7034,
7035,
7036,
7039,
7041,
7042,
7045,
7047,
7048,
7052,
7054,
7057,
7058,
7063,
7064,
7065,
7066,
7067,
7068,
7069,
7074,
7076,
7078,
7081,
7082,
7083,
7086,
7089,
7095,
7096,
7097,
7098,
7099,
7100,
7103,
7104,
7105,
7107,
7108,
7109,
7110,
7111,
7112,
7115,
7117,
7123,
7126,
7129,
7131,
7132,
7133,
7141,
7146,
7149,
7153,
7156,
7158,
7159,
7162,
7164,
7165,
7166,
7178,
7179,
7181,
7182,
7183,
7185,
7187,
7190,
7193,
7199,
7200,
7201,
7204,
7206,
7207,
7208,
7209,
7210,
7215,
7220,
7221,
7227,
7229,
7230,
7232,
7233,
7236,
7238,
7239,
7240,
7249,
7250,
7256,
7258,
7260,
7262,
7263,
7265,
7266,
7267,
7268,
7269,
7270,
7271,
7272,
7274,
7277,
7280,
7281,
7285,
7286,
7289,
7291,
7293,
7295,
7299,
7301,
7302,
7305,
7307,
7308,
7311,
7313,
7321,
7325,
7326,
7327,
7328,
7330,
7332,
7333,
7334,
7335,
7338,
7340,
7341,
7343,
7344,
7346,
7348,
7350,
7351,
7352,
7354,
7359,
7360,
7361,
7362,
7363,
7364,
7365,
7366,
7367,
7369,
7370,
7371,
7372,
7373,
7374,
7375,
7376,
7377,
7378,
7379,
7380,
7381,
7383,
7384,
7385,
7387,
7390,
7392,
7394,
7395,
7396,
7397,
7398,
7400,
7401,
7402,
7403,
7404,
7406,
7407,
7408,
7410,
7411,
7412,
7413,
7414,
7417,
7418,
7420,
7421,
7425,
7427,
7428,
7429,
7430,
7431,
7432,
7434,
7435,
7436,
7437,
7438,
7439,
7440,
7441,
7443,
7446,
7447,
7448,
7449,
7450,
7451,
7452,
7453,
7455,
7456,
7457,
7459,
7460,
7461,
7462,
7464,
7465,
7466,
7468,
7469,
7470,
7471,
7473,
7475,
7476,
7477,
7479,
7480,
7481,
7482,
7483,
7485,
7486,
7488,
7489,
7490,
7494,
7495,
7497,
7499,
7500,
7501,
7502,
7503,
7504,
7505,
7506,
7508,
7509,
7510,
7511,
7513,
7514,
7515,
7516,
7517,
7521,
7522,
7524,
7525,
7526,
7529,
7530,
7534,
7535,
7536,
7537,
7541,
7542,
7543,
7544,
7545,
7546,
7548,
7549,
7550,
7552,
7553,
7556,
7559,
7560,
7561,
7565,
7566,
7569,
7570,
7572,
7573,
7574,
7576,
7581,
7583,
7585,
7586,
7587,
7588,
7589,
7590,
7592,
7595,
7596,
7597,
7598,
7599,
7601,
7602,
7603,
7605,
7606,
7607,
7608,
7609,
7610,
7613,
7616,
7617,
7618,
7620,
7621,
7623,
7626,
7627,
7628,
7633,
7634,
7641,
7642,
7643,
7646,
7647,
7648,
7649,
7650,
7651,
7655,
7656,
7657,
7658,
7661,
7663,
7665,
7667,
7668,
7670,
7675,
7676,
7677,
7678,
7680,
7685,
7686,
7687,
7688,
7690,
7695,
7697,
7700,
7703,
7704,
7705,
7707,
7708,
7709,
7710,
7715,
7716,
7717,
7720,
7721,
7722,
7727,
7728,
7730,
7731,
7732,
7733,
7734,
7737,
7738,
7740,
7747,
7750,
7754,
7755,
7759,
7760,
7761,
7763,
7765,
7766,
7768,
7769,
7770,
7772,
7773,
7774,
7776,
7777,
7778,
7779,
7780,
7787,
7791,
7792,
7793,
7795,
7797,
7799,
7800,
7802,
7803,
7807,
7809,
7811,
7812,
7813,
7814,
7815,
7817,
7818,
7819,
7820,
7822,
7824,
7827,
7830,
7831,
7832,
7833,
7834,
7835,
7836,
7838,
7841,
7843,
7850,
7854,
7856,
7858,
7862,
7866,
7867,
7872,
7873,
7874,
7875,
7879,
7880,
7881,
7885,
7886,
7889,
7892,
7894,
7898,
7899,
7900,
7902,
7903,
7905,
7906,
7911,
7913,
7915,
7917,
7922,
7924,
7925,
7928,
7929,
7932,
7933,
7935,
7936,
7937,
7939,
7941,
7942,
7943,
7944,
7946,
7947,
7948,
7950,
7957,
7958,
7962,
7963,
7964,
7965,
7968,
7970,
7971,
7973,
7975,
7976,
7979,
7980,
7984,
7985,
7986,
7987,
7988,
7989,
7990,
7992,
7993,
7994,
8000,
8001,
8002,
8003,
8005,
8007,
8009,
8011,
8014,
8019,
8020,
8026,
8028,
8030,
8031,
8034,
8035,
8037,
8038,
8039,
8041,
8043,
8045,
8046,
8047,
8048,
8049,
8050,
8052,
8053,
8054,
8055,
8056,
8057,
8058,
8059,
8060,
8061,
8062,
8063,
8064,
8065,
8066,
8067,
8069,
8070,
8071,
8072,
8073,
8074,
8075,
8076,
8078,
8079,
8080,
8081,
8082,
8083,
8087,
8089,
8090,
8093,
8094,
8095,
8096,
8097,
8102,
8103,
8107,
8108,
8110,
8111,
8112,
8113,
8114,
8115,
8116,
8117,
8119,
8122,
8124,
8125,
8127,
8131,
8132,
8133,
8134,
8138,
8141,
8142,
8144,
8148,
8150,
8151,
8153,
8155,
8158,
8161,
8162,
8163,
8165,
8166,
8167,
8169,
8176,
8178,
8180,
8181,
8182,
8185,
8186,
8187,
8188,
8189,
8191,
8193,
8194,
8197,
8198,
8200,
8202,
8204,
8205,
8207,
8208,
8209,
8211,
8213,
8214,
8216,
8221,
8222,
8223,
8225,
8226,
8227,
8229,
8231,
8232,
8233,
8236,
8237,
8239,
8240,
8242,
8244,
8245,
8247,
8249,
8250,
8251,
8255,
8256,
8258,
8259,
8261,
8263,
8264,
8265,
8269,
8271,
8272,
8273,
8275,
8277,
8278,
8279,
8281,
8282,
8283,
8285,
8288,
8291,
8293,
8297,
8301,
8303,
8305,
8306,
8309,
8311,
8314,
8315,
8316,
8318,
8320,
8321,
8322,
8323,
8326,
8327,
8330,
8331,
8335,
8336,
8339,
8341,
8344,
8345,
8346,
8347,
8348,
8352,
8353,
8354,
8357,
8358,
8360,
8361,
8362,
8363,
8364,
8365,
8366,
8368,
8369,
8372,
8373,
8376,
8383,
8386,
8388,
8390,
8391,
8392,
8393,
8394,
8396,
8398,
8399,
8400,
8401,
8402,
8404,
8407,
8410,
8414,
8416,
8417,
8418,
8419,
8420,
8421,
8422,
8423,
8424,
8425,
8428,
8430,
8432,
8433,
8434,
8435,
8436,
8437,
8438,
8439,
8440,
8441,
8442,
8443,
8444,
8445,
8447,
8449,
8450,
8451,
8452,
8453,
8454,
8455,
8456,
8457,
8458,
8459,
8460,
8461,
8462,
8463,
8464,
8465,
8467,
8468,
8469,
8470,
8472,
8473,
8475,
8476,
8477,
8478,
8479,
8480,
8482,
8483,
8484,
8486,
8488,
8489,
8490,
8491,
8494,
8496,
8497,
8498,
8499,
8501,
8504,
8507,
8509,
8511,
8513,
8515,
8516,
8517,
8518,
8519,
8523,
8527,
8528,
8529,
8537,
8541,
8542,
8544,
8551,
8554,
8555,
8559,
8568,
8569,
8572,
8573,
8577,
8583,
8586,
8587,
8588,
8589,
8591,
8593,
8596,
8598,
8605,
8606,
8607,
8608,
8609,
8610,
8615,
8619,
8625,
8628,
8629,
8631,
8633,
8635,
8636,
8639,
8640,
8643,
8648,
8651,
8652,
8653,
8655,
8659,
8660,
8661,
8663,
8664,
8665,
8666,
8668,
8669,
8670,
8672,
8675,
8676,
8677,
8678,
8682,
8683,
8684,
8687,
8689,
8691,
8695,
8696,
8697,
8703,
8705,
8706,
8707,
8708,
8711,
8714,
8715,
8716,
8717,
8718,
8720,
8722,
8723,
8724,
8726,
8729,
8730,
8732,
8733,
8734,
8736,
8738,
8739,
8740,
8742,
8743,
8744,
8747,
8749,
8750,
8751,
8752,
8753,
8754,
8755,
8756,
8757,
8760,
8762,
8763,
8765,
8767,
8768,
8770,
8771,
8772,
8773,
8774,
8775,
8776,
8777,
8780,
8783,
8784,
8785,
8786,
8788,
8789,
8794,
8796,
8797,
8798,
8800,
8801,
8802,
8804,
8807,
8808,
8812,
8817,
8818,
8819,
8820,
8821,
8822,
8823,
8824,
8826,
8828,
8829,
8830,
8833,
8835,
8838,
8839,
8843,
8845,
8846,
8848,
8850,
8855,
8857,
8866,
8872,
8873,
8883,
8887,
8890,
8897,
8905,
8909,
8915,
8921,
8922,
8929,
8935,
8936,
8940,
8942,
8944,
8945,
8946,
8947,
8948,
8952,
8953,
8954,
8955,
8956,
8959,
8962,
8963,
8964,
8967,
8968,
8969,
8970,
8972,
8978,
8981,
8984,
8985,
8986,
8988,
8991,
8993,
8994,
8997,
8998,
9002,
9003,
9004,
9005,
9011,
9013,
9016,
9017,
9019,
9020,
9023,
9025,
9026,
9027,
9028,
9031,
9037,
9042,
9045,
9046,
9049,
9050,
9051,
9053,
9054,
9055,
9056,
9058,
9059,
9060,
9062,
9063,
9064,
9067,
9069,
9071,
9072,
9073,
9077,
9084,
9085,
9087,
9088,
9092,
9094,
9098,
9099,
9100,
9101,
9102,
9103,
9104,
9105,
9106,
9107,
9108,
9109,
9110,
9112,
9113,
9115,
9116,
9117,
9118,
9119,
9120,
9121,
9122,
9123,
9124,
9125,
9126,
9127,
9128,
9129,
9130,
9131,
9132,
9134,
9136,
9138,
9139,
9140,
9141,
9142,
9144,
9145,
9150,
9161,
9162,
9164,
9172,
9177,
9178,
9179,
9182,
9183,
9184,
9185,
9192,
9193,
9196,
9226,
9232,
9237,
9238,
9239,
9244,
9246,
9272,
9273,
9276,
9279,
9280,
9281,
9282,
9283,
9289,
9290,
9295,
9299,
9316,
9317,
9318,
9319,
9320,
9324,
9331,
9333,
9334,
9349,
9356,
9357,
9358,
9370,
9371,
9372,
9373,
9374,
9376,
9378,
9380,
9381,
9408,
9413,
9417,
9420,
9421,
9436,
9437,
9439,
9446,
9447,
9456,
9460,
9461,
9462,
9463,
9464,
9465,
9466,
9467,
9468,
9471,
9473,
9484,
9485,
9486,
9487,
9491,
9495,
9498,
9500,
9501,
9516,
9523,
9527,
9534,
9536,
9537,
9540,
9541,
9542,
9543,
9544,
9546,
9552,
9553,
9554,
9555,
9556,
9557,
9565,
9566,
9568,
9575,
9576,
9577,
9580,
9587,
9588,
9589,
9590,
9591,
9592,
9593,
9594,
9595,
9597,
9599,
9600,
9601,
9602,
9603,
9606,
9608,
9611,
9612,
9613,
9617,
9618,
9622,
9623,
9626,
9629,
9637,
9638,
9641,
9642,
9644,
9648,
9650,
9656,
9657,
9658,
9659,
9660,
9662,
9684,
9693,
9695,
9697,
9699,
9700,
9701,
9702,
9703,
9704,
9707,
9709,
9710,
9711,
9713,
9714,
9715,
9716,
9717,
9718,
9719,
9720,
9721,
9722,
9723,
9724,
9725,
9726,
9727,
9728,
9729,
9730,
9731,
9732,
9733,
9734,
9735,
9736,
9737,
9738,
9739,
9740,
9741,
9742,
9743,
9745,
9746,
9747,
9748,
9751,
9752,
9754,
9755,
9756,
9757,
9758,
9759,
9760,
9761,
9762,
9763,
9765,
9767,
9768,
9769,
9770,
9771,
9772,
9773,
9774,
9775,
9776,
9777,
9778,
9779,
9780,
9781,
9782,
9783,
9784,
9785,
9786,
9787,
9788,
9789,
9790,
9791,
9792,
9793,
9794,
9795,
9796,
9797,
9798,
9799,
9800,
9802,
9803,
9804,
9805,
9806,
9808,
9809,
9810,
9811,
9812,
9813,
9814,
9815,
9816,
9817,
9818,
9820,
9821,
9822,
9823,
9824,
9825,
9826,
9827,
9828,
9829,
9830,
9831,
9832,
9833,
9834,
9835,
9836,
9838,
9839,
9843,
9844,
9845,
9847,
9849,
9850,
9851,
9852,
9855,
9857,
9858,
9875,
9878,
9879,
9880,
9881,
9882,
9883,
9884,
9886,
9887,
9888,
9889,
9890,
9891,
9892,
9894,
9895,
9896,
9899,
9900,
9901,
9902,
9904,
9905,
9906,
9907,
9908,
9909,
9911,
9912,
9913,
9914,
9916,
9917,
9918,
9919,
9921,
9924,
9926,
9927,
9928,
9929,
9930,
9931,
9932,
9933,
9934,
9935,
9937,
9938,
9939,
9941,
9942,
9943,
9944,
9945,
9946,
9948,
9951,
9956,
9958,
9959,
9960,
9961,
9962,
9963,
9964,
9966,
9968,
9970,
9971,
9988,
9997,
9998,
9999,
10001,
10002,
10003,
10004,
10006,
10008,
10009,
10010,
10011,
10012,
10013,
10014,
10017,
10026,
10027,
10034,
10035,
10036,
10037,
10038,
10039,
10041,
10042,
10043,
10044,
10045,
10046,
10047,
10048,
10049,
10051,
10052,
10053,
10054,
10055,
10057,
10058,
10059,
10060,
10064,
10066,
10067,
10068,
10076,
10077,
10078,
10084,
10085,
10093,
10097,
10098,
10100,
10101,
10102,
10103,
10104,
10105,
10107,
10109,
10110,
10111,
10112,
10160,
10161,
10164,
10168,
10173,
10174,
10175,
10176,
10177,
10179,
10181,
10182,
10183,
10185,
10186,
10187,
10189,
10193,
10194,
10202,
10219,
10220,
10230,
10231,
10234,
10235,
10236,
10237,
10238,
10239,
10241,
10242,
10243,
10244,
10245,
10249,
10252,
10255,
10259,
10260,
10267,
10270,
10271,
10275,
10278,
10280,
10281,
10282,
10284,
10285,
10286,
10287,
10288,
10289,
10290,
10291,
10292,
10293,
10294,
10295,
10296,
10297,
10298,
10299,
10300,
10301,
10302,
10303,
10305,
10306,
10307,
10309,
10310,
10311,
10312,
10313,
10314,
10315,
10316,
10318,
10319,
10320,
10321,
10322,
10324,
10326,
10327,
10330,
10331,
10332,
10338,
10339,
10342,
10343,
10344,
10347,
10348,
10359,
10383,
10392,
10432,
10438,
10441,
10442,
10443,
10444,
10445,
10446,
10447,
10448,
10450,
10451,
10452,
10454,
10455,
10456,
10458,
10459,
10460,
10461,
10462,
10463,
10464,
10468,
10469,
10471,
10472,
10473,
10475,
10476,
10477,
10478,
10479,
10480,
10481,
10484,
10485,
10486,
10487,
10488,
10489,
10490,
10492,
10493,
10494,
10496,
10497,
10499,
10500,
10501,
10502,
10503,
10505,
10506,
10508,
10509,
10510,
10511,
10512,
10514,
10515,
10516,
10517,
10518,
10519,
10521,
10522,
10523,
10524,
10525,
10526,
10527,
10528,
10529,
10530,
10531,
10532,
10534,
10535,
10536,
10537,
10538,
10539,
10540,
10541,
10542,
10543,
10544,
10545,
10546,
10547,
10548,
10549,
10550,
10551,
10553,
10554,
10557,
10558,
10559,
10560,
10561,
10562,
10564,
10565,
10566,
10568,
10569,
10571,
10574,
10575,
10576,
10577,
10579,
10580,
10582,
10583,
10584,
10585,
10587,
10588,
10590,
10591,
10593,
10597,
10602,
10603,
10609,
10610,
10612,
10614,
10615,
10617,
10618,
10619,
10620,
10621,
10622,
10624,
10625,
10626,
10627,
10628,
10631,
10632,
10633,
10636,
10638,
10639,
10640,
10641,
10644,
10645,
10646,
10647,
10648,
10649,
10650,
10651,
10652,
10653,
10655,
10656,
10657,
10658,
10659,
10660,
10662,
10663,
10664,
10665,
10667,
10668,
10669,
10672,
10674,
10675,
10676,
10677,
10679,
10689,
10692,
10693,
10695,
10696,
10698,
10701,
10702,
10704,
10705,
10708,
10709,
10713,
10714,
10719,
10720,
10721,
10722,
10723,
10724,
10727,
10729,
10730,
10732,
10733,
10734,
10735,
10739,
10740,
10741,
10742,
10743,
10744,
10745,
10746,
10747,
10748,
10749,
10751,
10752,
10753,
10754,
10756,
10758,
10759,
10760,
10761,
10762,
10763,
10764,
10765,
10766,
10767,
10769,
10772,
10773,
10774,
10775,
10776,
10780,
10781,
10782,
10783,
10784,
10785,
10786,
10787,
10788,
10789,
10790,
10791,
10794,
10797,
10799,
10800,
10801,
10802,
10803,
10804,
10805,
10806,
10807,
10808,
10809,
10810,
10812,
10814,
10815,
10816,
10817,
10818,
10819,
10821,
10822,
10824,
10825,
10826,
10827,
10828,
10829,
10830,
10831,
10832,
10833,
10834,
10836,
10837,
10838,
10841,
10844,
10845,
10846,
10848,
10849,
10850,
10851,
10852,
10853,
10862,
10863,
10864,
10865,
10866,
10867,
10871,
10872,
10873,
10874,
10875,
10876,
10878,
10880,
10881,
10882,
10883,
10884,
10885,
10886,
10891,
10892,
10893,
10894,
10895,
10896,
10897,
10898,
10899,
10900,
10901,
10902,
10903,
10904,
10906,
10907,
10908,
10909,
10910,
10912,
10913,
10915,
10916,
10917,
10918,
10919,
10920,
10922,
10923,
10924,
10925,
10927,
10929,
10930,
10931,
10932,
10933,
10934,
10935,
10936,
10937,
10938,
10939,
10940,
10943,
10944,
10945,
10946,
10948,
10950,
10952,
10953,
10954,
10955,
10956,
10957,
10958,
10959,
10963,
10964,
10965,
10966,
10967,
10969,
10970,
10971,
10972,
10974,
10975,
10976,
10977,
10978,
10979,
10980,
10981,
10982,
10983,
10984,
10985,
10987,
10988,
10989,
10990,
10991,
10993,
10994,
10995,
10996,
10997,
10999,
11000,
11001,
11002,
11003,
11004,
11006,
11008,
11012,
11013,
11014,
11015,
11016,
11017,
11018,
11019,
11020,
11021,
11022,
11023,
11024,
11025,
11026,
11027,
11028,
11029,
11030,
11031,
11032,
11033,
11034,
11035,
11036,
11037,
11038,
11039,
11040,
11041,
11042,
11043,
11044,
11051,
11054,
11060,
11061,
11062,
11063,
11064,
11065,
11067,
11068,
11069,
11070,
11071,
11072,
11073,
11074,
11076,
11077,
11078,
11079,
11081,
11084,
11085,
11087,
11088,
11089,
11090,
11092,
11094,
11095,
11096,
11097,
11098,
11099,
11100,
11102,
11103,
11104,
11105,
11106,
11107,
11108,
11109,
11110,
11111,
11112,
11113,
11114,
11117,
11118,
11119,
11120,
11121,
11122,
11123,
11124,
11125,
11127,
11130,
11132,
11133,
11134,
11135,
11136,
11138,
11145,
11147,
11150,
11151,
11153,
11157,
11158,
11159,
11161,
11165,
11166,
11167,
11168,
11169,
11170,
11172,
11174,
11176,
11181,
11182,
11185,
11186,
11188,
11190,
11193,
11194,
11195,
11196,
11197,
11198,
11199,
11203,
11204,
11217,
11218,
11219,
11220,
11221,
11223,
11224,
11225,
11226,
11227,
11228,
11229,
11230,
11231,
11232,
11234,
11235,
11245,
11246,
11247,
11251,
11252,
11255,
11265,
11266,
11267,
11268,
11271,
11272,
11273,
11274,
11275,
11276,
11277,
11279,
11280,
11281,
11282,
11283,
11285,
11290,
11295,
11297,
11298,
11300,
11301,
11302,
11304,
11305,
11307,
11308,
11309,
11310,
11311,
11313,
11314,
11315,
11318,
11323,
11324,
11325,
11326,
11327,
11328,
11329,
11330,
11331,
11332,
11333,
11334,
11335,
11336,
11337,
11338,
11339,
11340,
11341,
11342,
11343,
11344,
11346,
11347,
11348,
11349,
11351,
11352,
11353,
11354,
11355,
11356,
11358,
11359,
11360,
11361,
11362,
11363,
11364,
11365,
11367,
11368,
11370,
11372,
11373,
11376,
11379,
11380,
11381,
11382,
11384,
11386,
11387,
11388,
11389,
11390,
11395,
11397,
11398,
11399,
11400,
11401,
11402,
11403,
11405,
11406,
11407,
11408,
11409,
11410,
11414,
11419,
11420,
11422,
11423,
11424,
11425,
11427,
11431,
11433,
11434,
11436,
11438,
11439,
11440,
11441,
11442,
11443,
11445,
11446,
11447,
11448,
11449,
11450,
11451,
11452,
11453,
11454,
11457,
11458,
11459,
11462,
11463,
11466,
11467,
11468,
11469,
11470,
11471,
11472,
11473,
11474,
11476,
11477,
11478,
11479,
11480,
11481,
11482,
11483,
11484,
11486,
11487,
11488,
11489,
11490,
11491,
11492,
11493,
11494,
11495,
11496,
11497,
11499,
11500,
11501,
11502,
11504,
11505,
11506,
11507,
11508,
11509,
11510,
11512,
11513,
11514,
11515,
11516,
11517,
11519,
11520,
11521,
11522,
11523,
11524,
11526,
11527,
11530,
11531,
11532,
11534,
11535,
11536,
11537,
11538,
11539,
11545,
11546,
11552,
11553,
11560,
11563,
11565,
11573,
11574,
11575,
11577,
11579,
11580,
11581,
11587,
11590,
11596,
11599,
11603,
11604,
11611,
11615,
11620,
11621,
11622,
11623,
11626,
11627,
11628,
11635,
11638,
11642,
11645,
11646,
11648,
11651,
11658,
11659,
11661,
11662,
11663,
11664,
11667,
11670,
11671,
11672,
11675,
11677,
11682,
11686,
11687,
11688,
11695,
11702,
11703,
11704,
11705,
11706,
11707,
11709,
11710,
11711,
11712,
11713,
11715,
11716,
11718,
11719,
11720,
11721,
11722,
11723,
11727,
11729,
11730,
11731,
11732,
11733,
11734,
11735,
11736,
11739,
11740,
11742,
11743,
11744,
11746,
11747,
11748,
11749,
11750,
11751,
11752,
11753,
11754,
11755,
11757,
11759,
11760,
11761,
11762,
11763,
11766,
11767,
11768,
11771,
11772,
11779,
11780,
11781,
11782,
11784,
11785,
11786,
11787,
11788,
11789,
11790,
11792,
11793,
11794,
11798,
11799,
11800,
11801,
11802,
11803,
11804,
11805,
11807,
11808,
11809,
11812,
11813,
11814,
11815,
11817,
11819,
11821,
11822,
11823,
11824,
11825,
11829,
11830,
11832,
11833,
11834,
11835,
11837,
11838,
11839,
11840,
11842,
11843,
11844,
11847,
11848,
11849,
11850,
11852,
11854,
11855,
11856,
11857,
11858,
11859,
11860,
11862,
11863,
11864,
11867,
11868,
11869,
11871,
11872,
11873,
11875,
11876,
11877,
11878,
11879,
11880,
11883,
11884,
11885,
11886,
11887,
11889,
11890,
11891,
11892,
11893,
11894,
11895,
11896,
11897,
11898,
11899,
11900,
11901,
11902,
11903,
11904,
11906,
11907,
11908,
11909,
11910,
11911,
11912,
11913,
11914,
11915,
11916,
11917,
11918,
11919,
11920,
11922,
11923,
11924,
11925,
11926,
11927,
11929,
11930,
11931,
11932,
11933,
11934,
11935,
11936,
11937,
11939,
11940,
11941,
11942,
11943,
11944,
11945,
11946,
11947,
11948,
11949,
11950,
11951,
11954,
11957,
11958,
11959,
11960,
11961,
11962,
11964,
11965,
11966,
11967,
11968,
11969,
11970,
11971,
11972,
11973,
11974,
11975,
11976,
11977,
11978,
11979,
11980,
11981,
11984,
11985,
11986,
11987,
11988,
11989,
11990,
11991,
11992,
11993,
11994,
11995,
11996,
11997,
11998,
11999,
12001,
12005,
12011,
12012,
12018,
12019,
12020,
12021,
12022,
12023,
12024,
12025,
12026,
12027,
12028,
12029,
12030,
12031,
12032,
12033,
12034,
12035,
12036,
12037,
12038,
12039,
12040,
12041,
12042,
12043,
12044,
12045,
12046,
12047,
12048,
12049,
12050,
12051,
12052,
12054,
12055,
12056,
12059,
12060,
12061,
12062,
12064,
12066,
12067,
12068,
12069,
12070,
12071,
12072,
12073,
12074,
12075,
12078,
12079,
12081,
12082,
12083,
12084,
12086,
12087,
12088,
12089,
12090,
12091,
12092,
12093,
12094,
12095,
12098,
12099,
12100,
12101,
12102,
12103,
12104,
12105,
12106,
12107,
12108,
12109,
12110,
12111,
12112,
12113,
12114,
12115,
12116,
12118,
12119,
12120,
12121,
12122,
12123,
12125,
12126,
12129,
12130,
12131,
12132,
12133,
12134,
12135,
12136,
12137,
12139,
12142,
12143,
12144,
12145,
12146,
12147,
12148,
12150,
12151,
12152,
12153,
12154,
12155,
12156,
12157,
12158,
12163,
12164,
12165,
12166,
12167,
12168,
12169,
12170,
12171,
12172,
12173,
12174,
12175,
12176,
12177,
12178,
12179,
12180,
12181,
12182,
12183,
12184,
12185,
12187,
12188,
12189,
12190,
12191,
12192,
12194,
12195,
12197,
12198,
12199,
12200,
12202,
12203,
12204,
12205,
12206,
12207,
12208,
12209,
12210,
12211,
12212,
12213,
12215,
12216,
12218,
12219,
12220,
12221,
12222,
12223,
12224,
12225,
12226,
12227,
12228,
12229,
12230,
12231,
12232,
12233,
12234,
12235,
12236,
12237,
12238,
12239,
12240,
12241,
12242,
12243,
12244,
12245,
12246,
12247,
12248,
12249,
12250,
12251,
12252,
12253,
12254,
12255,
12256,
12257,
12258,
12259,
12260,
12261,
12262,
12263,
12265,
12266,
12267,
12268,
12269,
12270,
12271,
12272,
12273,
12275,
12276,
12277,
12278,
12279,
12280,
12281,
12282,
12283,
12284,
12285,
12286,
12287,
12288,
12289,
12290,
12292,
12293,
12294,
12296,
12297,
12299,
12300,
12301,
12302,
12303,
12304,
12305,
12306,
12307,
12308,
12309,
12310,
12311,
12312,
12313,
12315,
12316,
12317,
12318,
12321,
12322,
12324,
12325,
12327,
12328,
12329,
12330,
12331,
12332,
12334,
12337,
12338,
12340,
12343,
12344,
12345,
12346,
12347,
12348,
12358,
12362,
12363,
12364,
12365,
12366,
12368,
12369,
12370,
12371,
12372,
12373,
12375,
12376,
12377,
12378,
12379,
12382,
12384,
12385,
12386,
12387,
12389,
12391,
12393,
12396,
12397,
12398,
12400,
12401,
12402,
12404,
12405,
12407,
12408,
12410,
12411,
12412,
12415,
12416,
12417,
12418,
12419,
12420,
12424,
12425,
12426,
12427,
12428,
12429,
12430,
12431,
12432,
12433,
12434,
12437,
12438,
12439,
12440,
12441,
12443,
12444,
12447,
12448,
12450,
12451,
12452,
12456,
12457,
12459,
12462,
12463,
12464,
12465,
12468,
12469,
12471,
12472,
12473,
12474,
12475,
12476,
12477,
12478,
12480,
12483,
12484,
12486,
12487,
12489,
12490,
12492,
12496,
12499,
12500,
12501,
12503,
12504,
12505,
12506,
12507,
12508,
12509,
12510,
12511,
12512,
12513,
12514,
12515,
12516,
12517,
12518,
12520,
12521,
12522,
12523,
12526,
12527,
12528,
12529,
12531,
12532,
12533,
12534,
12535,
12537,
12538,
12539,
12541,
12542,
12543,
12544,
12545,
12547,
12548,
12549,
12550,
12551,
12553,
12554,
12555,
12556,
12557,
12558,
12559,
12560,
12569,
12570,
12574,
12575,
12577,
12578,
12579,
12582,
12583,
12584,
12585,
12587,
12588,
12590,
12591,
12592,
12593,
12594,
12595,
12597,
12598,
12599,
12600,
12603,
12605,
12606,
12607,
12608,
12609,
12610,
12611,
12612,
12614,
12618,
12619,
12620,
12621,
12622,
12625,
12627,
12629,
12630,
12631,
12632,
12633,
12634,
12635,
12636,
12637,
12638,
12639,
12640,
12642,
12643,
12645,
12646,
12647,
12649,
12650,
12651,
12657,
12658,
12662,
12664,
12666,
12670,
12671,
12672,
12673,
12675,
12677,
12678,
12680,
12681,
12683,
12684,
12686,
12687,
12689,
12691,
12693,
12695,
12696,
12697,
12700,
12701,
12702,
12703,
12704,
12705,
12706,
12707,
12708,
12712,
12713,
12714,
12715,
12717,
12718,
12719,
12720,
12721,
12722,
12723,
12724,
12725,
12726,
12727,
12730,
12731,
12732,
12733,
12734,
12735,
12736,
12738,
12740,
12741,
12742,
12743,
12745,
12746,
12747,
12748,
12749,
12751,
12752,
12753,
12757,
12758,
12759,
12760,
12761,
12762,
12763,
12764,
12766,
12767,
12768,
12769,
12770,
12771,
12772,
12774,
12776,
12777,
12778,
12780,
12785,
12786,
12787,
12788,
12789,
12790,
12791,
12792,
12793,
12795,
12796,
12797,
12798,
12801,
12802,
12803,
12804,
12805,
12806,
12808,
12809,
12810,
12811,
12812,
12813,
12814,
12815,
12817,
12819,
12830,
12836,
12841,
12842,
12843,
12844,
12846,
12847,
12848,
12850,
12851,
12852,
12854,
12856,
12858,
12861,
12862,
12863,
12864,
12865,
12867,
12868,
12869,
12870,
12871,
12872,
12873,
12874,
12875,
12877,
12880,
12881,
12882,
12886,
12887,
12888,
12890,
12892,
12893,
12894,
12896,
12898,
12899,
12900,
12901,
12903,
12904,
12905,
20006,
20034,
20036,
20037,
20038,
20045,
20046,
20047,
20049,
20054,
20061,
20062,
20063,
20064,
20071,
20072,
20073,
20074,
20078,
20080,
20081,
20082,
20085,
20088,
20096,
20098,
20100,
20104,
20117,
20119,
20122,
20129,
20131,
20135,
20152,
20154,
20155,
20156,
20157,
20186,
20201,
20203,
20206,
20207,
20216,
20219,
20221,
25010,
25011,
25012,
25013,
25014,
25015,
25017,
25018,
25019,
25021,
25022,
25023,
25024,
25025,
25027,
25028,
25031,
25032,
25033,
25035,
25040,
25042,
25043,
25044,
25045,
25047,
25049,
25051,
25052,
25053,
25057,
25059,
25062,
25065,
25066,
25068,
25070,
25072,
25074,
25075,
25080,
25082,
25084,
25085,
25088,
25092,
25096,
25097,
25099,
25100,
25101,
25102,
25104,
25105,
25107,
25109,
25112,
25114,
25115,
25116,
25118,
25121,
25124,
25125,
25127,
25128,
25129,
25130,
25131,
25132,
25133,
25134,
25142,
25143,
25144,
25145,
25147,
25148,
25149,
25152,
25155,
25156,
25157,
25158,
25159,
25160,
25164,
25167,
25169,
25175,
25177,
25179,
25180,
25181,
25186,
25188,
25191,
25193,
25196,
25201,
25230,
25231,
25232,
25234,
25235,
25238,
25244,
25245,
25247,
25249,
25252,
25253,
25258,
25259,
25262,
25267,
25268,
25269,
25270,
25274,
25276,
25289,
25300,
25303,
25312,
25313,
25318,
25321,
25323,
25324,
25326,
25328,
25329,
25330,
25331,
25335,
25336,
25337,
25339,
25342,
25343,
25345,
25346,
25347,
25348,
25349,
25352,
25354,
25355,
25356,
25357,
25358,
25364,
25367,
25369,
25370,
25373,
25379,
25380,
25383,
25386,
25388,
25389,
25390,
25391,
25392,
25393,
25401,
25403,
25404,
25405,
25406,
25407,
25408,
25409,
25410,
25416,
25420,
25421,
25423,
25424,
25425,
25426,
25427,
25428,
25429,
25430,
25431,
25435,
25436,
25439,
25443,
25451,
25452,
25454,
25455,
25456,
25457,
25458,
25459,
25460,
25461,
25464,
25465,
25474,
25475,
25477,
25478,
25479,
25480,
25481,
25483,
25484,
25487,
25488,
25492,
25495,
25498,
25502,
25507,
25509,
25510,
25512,
25514,
25515,
25517,
25518,
25520,
25524,
25526,
25533,
25537,
25538,
25539,
25540,
25546,
25547,
25548,
25550,
25551,
25567,
25568,
25573,
25574,
25575,
25576,
25579,
25580,
25584,
25586,
25587,
25588,
25592,
25605,
25607,
25608,
25610,
25612,
25613,
25615,
25633,
25634,
30000,
30001,
30005,
30006,
30007,
30009,
30010,
30011,
30012,
30014,
30015,
30016,
30018,
30019,
30021,
30022,
30031,
30032,
30033,
30034,
30036,
30037,
30038,
30039,
30041,
30042,
30043,
30044,
30046,
30047,
30048,
30049,
30050,
30051,
30052,
30053,
30054,
30055,
30056,
30057,
30059,
30060,
30061,
30062,
30063,
30065,
30067,
30070,
30071,
30074,
30075,
30078,
30079,
30080,
30081,
30082,
30083,
30084,
30085,
30087,
30088,
30089,
30090,
30091,
30092,
30095,
30099,
30112,
30113,
30114,
30116,
30117,
30126,
30127,
30129,
30137,
30138,
30140,
30141,
30142,
30143,
30144,
30145,
30146,
30147,
30148,
30149,
30150,
30151,
30153,
30155,
30156,
30157,
30160,
30163,
30164,
30166,
30168,
30173,
30177,
30178,
30179,
30182,
30183,
30185,
30186,
30187,
30188,
30190,
30191,
30192,
30194,
30195,
30196,
30197,
30198,
30199,
30200,
30201,
30202,
30203,
30205,
30208,
30209,
30210,
30211,
30212,
30213,
30214,
30215,
30216,
30217,
30218,
30219,
30222,
30223,
30224,
30225,
30226,
30230,
30231,
30234,
30236,
30237,
30241,
30242,
30243,
30244,
30247,
30248,
30249,
30253,
30255,
30256,
30257,
30258,
30260,
30261,
30264,
30265,
30268,
30269,
30270,
30271,
30272,
30273,
30274,
30275,
30276,
30277,
30280,
30281,
30282,
30284,
30289,
30290,
30291,
30292,
30293,
30295,
30298,
30299,
30301,
30302,
30303,
30304,
30307,
30310,
30311,
30312,
30313,
30314,
30318,
30319,
30320,
30321,
30322,
30323,
30325,
30326,
30327,
30328,
30329,
30330,
30338,
30339,
30341,
30344,
30345,
30346,
30347,
30348,
30349,
30350,
30351,
30352,
30353,
30354,
30355,
30356,
30357,
30358,
30361,
30362,
30367,
30368,
30369,
30373,
30374,
30379,
30381,
30386,
30388,
30389,
30390,
30391,
30392,
30402,
30403,
30404,
30405,
30406,
30408,
30410,
30412,
30416,
30417,
30421,
30423,
30424,
30426,
30427,
30429,
30430,
30431,
30433,
30434,
30436,
30437,
30438,
30439,
30445,
30446,
30447,
30448,
30450,
30451,
30453,
30454,
30455,
30462,
30466,
30468,
30469,
30470,
30478,
30483,
30490,
30491,
30493,
30497,
30498,
30499,
30500,
30502,
30503,
30506,
30507,
30511,
30512,
30513,
30515,
30516,
30517,
30521,
30528,
30529,
30530,
30531,
30532,
30534,
30551,
30553,
30584,
30588,
30591,
30595,
30601,
30602,
30603,
30604,
30609,
30612,
30613,
30615,
30625,
30629,
30631,
30637,
30639,
30642,
30644,
30652,
30657,
30661,
30663,
30664,
30666,
30667,
30669,
30670,
30672,
30674,
30676,
30680,
30681,
30682,
30683,
30684,
30685,
30687,
30688,
30690,
30692,
30693,
30707,
30711,
30713,
30718,
30720,
30721,
30724,
30731,
30732,
30736,
30746,
30752,
30756,
30757,
30758,
30760,
30765,
30766,
30769,
30772,
30774,
30779,
30780,
30781,
30782,
30783,
30784,
30786,
30788,
30791,
30794,
30795,
30796,
30797,
30799,
30800,
30802,
30803,
30804,
30809,
30810,
30812,
30813,
30814,
30816,
30817,
30820,
30823,
30824,
30825,
30828,
30829,
30830,
30831,
30833,
30834,
30835,
30836,
30838,
30839,
30842,
30843,
30846,
30847,
30848,
30849,
30850,
30851,
30853,
30854,
30856,
30858,
30863,
30864,
30865,
30866,
30867,
30868,
30870,
30872,
30875,
30877,
30878,
30879,
30880,
30882,
30884,
30886,
30888,
30889,
30890,
30891,
30892,
30895,
30896,
30897,
30899,
30902,
30903,
30904,
30905,
30906,
30907,
30908,
30909,
30911,
30914,
30915,
30917,
30918,
30919,
30921,
30923,
30925,
30927,
30928,
30935,
30939,
30943,
30948,
30949,
30950,
30951,
30953,
30955,
30956,
30961,
30962,
30966,
30967,
30968,
30972,
30973,
30974,
30975,
30976,
30977,
30978,
30980,
30981,
30983,
30984,
30991,
30992,
30994,
30996,
30997,
31003,
31005,
31006,
31008,
31009,
31013,
31014,
31020,
31024,
31026,
31028,
31029,
31030,
31034,
31035,
31041,
31045,
31047,
31051,
31057,
31058,
31064,
31065,
31066,
31069,
31071,
31072,
31073,
31074,
31075,
31076,
31079,
31085,
31087,
31088,
31090,
31091,
31093,
31094,
31095,
31097,
31100,
31104,
31105,
31107,
31108,
31109,
31111,
31123,
31126,
31137,
31138,
31139,
31146,
31152,
31153,
31156,
31157,
31158,
31159,
31160,
31161,
31162,
31164,
31165,
31166,
31169,
31174,
31177,
31179,
31181,
31188,
31189,
31190,
31191,
31192,
31193,
31197,
31206,
31207,
31212,
31214,
31218,
31228,
31233,
31237,
31245,
31246,
31247,
31249,
31251,
31258,
31261,
31263,
31264,
31265,
31266,
31273,
31274,
31282,
31284,
31285,
31287,
31288,
31290,
31292,
31295,
31298,
31306,
31318,
31319,
31320,
31323,
31329,
31331,
31353,
31354,
31358,
31359,
31364,
31365,
31367,
31368,
31369,
31372,
31374,
31377,
31378,
31379,
31381,
31383,
31385,
31386,
31389,
31390,
31392,
31393,
31394,
31396,
31397,
31399,
31401,
31402,
31404,
31405,
31409,
31415,
31416,
31417,
31418,
31422,
31423,
31427,
31428,
31434,
31435,
31437,
31445,
31449,
31452,
31454,
31456,
31457,
31459,
31464,
31466,
31468,
31469,
31473,
31475,
31481,
31485,
31486,
31487,
31490,
31491,
31492,
31493,
31494,
31495,
31499,
31500,
31501,
31502,
31506,
31508,
31511,
31512,
31515,
31516,
31520,
31524,
31526,
31528,
31531,
31535,
31538,
31545,
31546,
31547,
31550,
31551,
31553,
31555,
31565,
31566,
31567,
31588,
31589,
31593,
31595,
31602,
31603,
31605,
31607,
31609,
31610,
31615,
31622,
31629,
31631,
31649,
31650,
31651,
31652,
31653,
31654,
31655,
31657,
31664,
31665,
31677,
31678,
31687,
31688,
31689,
31690,
31691,
31696,
31698,
31699,
31703,
31704,
31705,
31713,
31721,
31723,
31724,
31731,
31784,
31785,
31790,
31793,
31796,
31797,
31798,
31800,
31801,
31803,
31814,
31815,
31816,
31817,
31818,
31819,
31820,
31825,
31826,
31828,
31834,
31842,
31844,
31845,
31846,
31849,
31850,
31851,
31853,
31854,
31855,
31857,
31860,
31863,
31864,
31865,
31868,
31869,
31873,
31875,
31877,
31878,
31879,
31882,
31883,
31884,
31886,
31887,
31888,
31889,
31891,
31899,
31901,
31908,
31909,
31910,
31911,
31912,
31913,
31917,
31918,
31921,
31923,
31931,
31935,
31936,
31937,
31938,
31941,
31943,
31945,
31946,
31947,
31950,
31951,
31954,
31956,
31958,
31959,
31964,
31970,
31972,
31979,
31980,
31981,
31982,
31983,
31987,
31993,
31994,
31996,
32001,
32003,
32007,
32009,
32011,
32012,
32016,
32018,
32026,
32027,
32037,
32039,
32040,
32046,
32047,
32051,
32052,
32061,
32064,
32070,
32075,
32076,
32077,
32079,
32092,
32096,
32097,
32098,
32101,
32104,
32105,
32106,
32107,
32118,
32122,
32123,
32135,
32141,
32147,
32148,
32152,
32153,
32154,
32156,
32158,
32162,
32163,
32166,
32169,
32179,
32180,
32192,
32198,
32199,
32207,
32209,
32220,
32222,
32226,
32227,
32228,
32230,
32231,
32241,
32243,
32244,
32245,
32248,
32251,
32259,
32263,
32272,
32273,
32274,
32275,
32276,
32277,
32278,
32284,
32309,
32311,
32312,
32313,
32314,
32315,
32323,
32325,
32327,
32340,
32341,
32344,
32346,
32347,
32352,
32367,
32368,
32382,
32385,
32388,
32391,
32397,
32401,
32409,
32434,
32435,
32436,
32438,
32445,
32448,
32449,
32451,
32453,
32454,
32458,
32459,
32460,
32463,
32464,
32465,
32476,
32479,
32483,
32484,
32495,
32497,
32508,
32509,
32515,
32516,
32521,
32524,
32527,
32528,
32529,
32530,
32531,
32532,
32547,
32550,
32558,
32559,
32560,
32561,
32562,
32564,
32565,
32566,
32567,
32568,
32569,
32571,
32573,
32574,
32575,
32581,
32599,
32612,
32618,
32638,
32658,
32663,
32671,
32677,
32679,
32792,
32794,
32860,
32892,
32894,
32929,
32943,
40006,
40007,
40008,
40009,
40010,
40012,
40013,
40014,
40016,
40017,
40018,
40019,
40021,
40022,
40024,
40025,
40030,
40031,
40035,
40036,
40044,
40045,
40047,
40049,
40052,
40059,
40063,
40064,
40068,
40069,
40070,
40071,
40072,
40073,
40075,
40078,
40079,
40080,
40081,
40082,
40083,
40084,
40085,
40086,
40088,
40089,
40090,
40095,
40096,
40111,
40113,
40115,
40119,
40121,
40126,
40127,
40129,
40130,
40131,
40132,
40133,
40134,
40135,
40137,
40138,
40139,
40140,
40141,
40142,
40143,
40144,
40145,
40147,
40148,
40149,
40150,
40151,
40154,
40155,
40156,
40157,
40159,
40160,
40161,
40162,
40163,
40164,
40165,
40166,
40168,
40169,
40170,
40171,
40172,
40173,
40175,
40176,
40177,
40178,
40180,
40181,
40183,
40184,
40185,
40186,
40187,
40188,
40189,
40190,
40191,
40194,
40195,
40196,
40197,
40198,
40200,
40201,
40202,
40203,
40204,
40207,
40209,
40211,
40212,
40213,
40214,
40215,
40216,
40217,
40218,
40219,
40220,
40223,
40224,
40228,
40229,
40231,
40232,
40235,
40238,
40246,
40247,
40250,
40252,
40253,
40255,
40257,
40261,
40262,
40264,
40265,
40266,
40268,
40270,
40272,
40273,
40274,
40275,
40276,
40277,
40278,
40279,
40284,
40286,
40287,
40288,
40289,
40291,
40295,
40296,
40300,
40301,
40303,
40306,
40307,
40309,
40313,
40314,
40315,
40318,
40319,
40321,
40324,
40325,
40326,
40327,
40329,
40334,
41042,
41043,
41044,
41045,
41046,
45005,
45007,
45008,
45009,
45010,
45014,
45017,
45018,
45025,
45026,
45027,
45028,
45029,
45037,
45038,
45039,
45040,
45041,
45042,
45044,
45045,
45046,
45048,
45051,
45052,
45054,
45055,
45056,
45057,
45058,
45059,
45060,
45061,
45073,
45074,
45075,
45080,
45081,
45082,
45084,
45086,
45087,
100000,
100001,
100006,
100007,
100008,
100009,
100010,
100011,
100012,
100013,
100014,
100015,
100016,
100017,
100018,
100019,
100020,
100021,
100022,
100023,
100024,
100025,
100026,
100027,
100028,
100029,
100031,
100033,
100034,
100035,
100036,
100037,
100038,
100039,
100040,
100046,
100057,
100068,
100133,
100134,
100168,
100235,
100238,
100240,
100242,
100243,
100244,
100245,
100246,
100247,
100248,
100249,
100250,
100251,
100252,
100253,
100254,
100255,
100256,
100257,
100258,
100259,
100260,
100261,
100262,
100263,
100264,
100265,
100266,
100267,
100268,
100269,
100271,
100273,
100274,
100275,
100276,
100277,
100279,
100280,
100281,
100282,
100284,
100285,
100287,
100288,
100289,
100290,
100291,
100292,
100293,
100295,
100297,
100299,
100301,
100303,
100307,
100308,
100309,
100310,
100314,
100315,
100318,
100321,
100323,
100324,
100326,
100327,
100333,
100334,
100335,
100336,
100337,
100338,
100339,
100345,
100347,
100350,
100360,
100362,
100368,
100371,
100380,
100387,
100391,
100394,
100396,
100444,
100453,
100490,
100491,
100492,
100493,
100494,
100495,
100498,
100499,
100500,
100501,
100502,
100503,
100504,
100507,
100508,
100510,
100511,
100512,
100513,
100514,
100515,
100516,
100517,
100518,
100519,
100520,
100521,
100522,
100523,
100524,
100526,
100527,
100528,
100529,
100530,
100532,
100533,
100534,
100536,
100537,
100538,
100539,
100540,
100541,
100542,
100543,
100544,
100545,
100546,
100547,
100548,
100550,
100551,
100552,
100553,
100554,
100555,
100556,
100557,
100558,
100559,
100560,
100561,
100563,
100565,
100568,
100569,
100570,
100571,
100574,
100575,
100576,
100577,
100578,
100579,
100580,
100581,
100582,
100583,
100584,
100585,
100586,
100587,
100589,
100590,
100592,
100593,
100594,
100595,
100596,
100598,
100599,
100600,
100601,
100602,
100603,
100605,
100606,
100607,
100608,
100610,
100611,
100612,
100613,
100614,
100615,
100616,
100617,
100618,
100619,
100620,
100621,
100625,
100626,
100627,
100628,
100629,
100630,
100631,
100632,
100633,
100634,
100639,
100641,
100642,
100643,
100644,
100645,
100646,
100647,
100648,
100649,
100650,
100651,
100653,
100654,
100656,
100657,
100658,
100659,
100660,
100661,
100662,
100663,
100665,
100668,
100669,
100670,
100671,
100672,
100673,
100676,
100678,
100679,
100682,
100684,
100685,
100686,
100689,
100691,
100692,
100693,
100694,
100695,
100697,
100698,
100699,
100700,
100702,
100703,
100704,
100705,
100706,
100707,
100709,
100710,
100711,
100712,
100716,
100718,
100719,
100720,
100721,
100723,
100724,
100725,
100726,
100727,
100728,
100729,
100730,
100732,
100733,
100734,
100735,
100736,
100737,
100738,
100739,
100742,
100743,
100744,
100745,
100748,
100749,
100750,
100751,
100752,
100753,
100754,
100755,
100757,
100758,
100759,
100760,
100761,
100762,
100763,
100764,
100765,
100766,
100767,
100768,
100769,
100770,
100771,
100773,
100774,
100775,
100776,
100777,
100778,
100779,
100780,
100781,
100783,
100784,
100785,
100786,
100787,
100789,
100790,
100792,
100795,
100796,
100797,
100798,
100799,
100800,
100801,
100803,
100804,
100806,
100807,
100808,
100809,
100810,
100811,
100812,
100813,
100814,
100816,
100817,
100818,
100819,
100820,
100822,
100823,
100825,
100826,
100827,
100828,
100829,
100830,
100831,
100832,
100833,
100834,
100835,
100836,
100837,
100838,
100839,
100840,
100841,
100842,
100845,
100847,
100848,
100849,
100851,
100852,
100853,
100854,
100856,
100857,
100858,
100861,
100864,
100865,
100866,
100867,
100869,
100870,
100871,
100872,
100874,
100876,
100877,
100878,
100879,
100880,
100886,
100887,
100889,
100890,
100896,
100898,
100899,
100915,
100923,
100925,
100950,
100951,
100953,
100954,
100957,
100958,
100959,
100962,
100963,
200000,
200003,
200005,
200006,
200007,
200008,
200011,
200012,
200013,
200015,
200016,
200017,
200018,
200020,
200021,
200022,
200023,
200024,
200025,
200026,
200028,
200029,
200030,
200032,
200034,
200035,
200036,
200037,
200039,
200040,
200041,
200042,
200043,
200044,
200046,
200047,
200048,
200049,
200053,
200054,
200055,
200056,
200057,
200058,
200059,
200063,
200064,
200065,
200066,
200067,
200068,
200070,
200071,
200072,
200073,
200083,
200084,
200085,
200094,
200095,
200096,
200097,
200098,
200101,
200102,
200104,
200105,
200106,
200109,
200111,
200113,
200114,
200116,
200117,
200118,
200119,
200120,
200122,
200123,
200124,
200125,
200127,
200128,
200133,
200134,
200136,
200138,
200141,
200143,
200146,
200147,
200148,
200149,
200150,
200151,
200153,
200160,
200161,
400000,
400001,
400004,
400005,
400008,
410003,
410005,
410008,
410009,
410010,
410011,
410017,
410018,
410019,
410020,
410026,
410027,
410030,
410031,
410033,
410035,
410042,
410043,
410049,
410050,
410051,
410054,
410055,
410056,
410057,
410058,
410059,
410060,
410061,
410062,
410063,
410064,
410066,
410067,
410068,
410069,
410070,
410071,
410072,
410073,
410074,
410075,
410132,
410134,
410144,
410145,
410151,
410170,
410175,
410219,
410240,
410241,
410242,
410243,
410244,
410246,
410252,
410255,
410256,
410259,
410263,
410264,
410276,
410279,
410280,
410291,
410309,
410310,
410327,
410328,
410331,
410340,
410362,
430000,
430005,
430007,
430015,
430021,
430022,
430025,
430026,
430028,
500001,
500005,
500006,
500008,
500009,
500011,
500012,
500015,
500018,
500022,
500030,
500032,
500033,
500035,
500041,
500043,
500044,
500070,
500087,
500093,
500134,
500148,
500164,
500165,
500166,
500167,
500183,
500238,
500253,
500262,
3000003,
3000004,
3000005,
3000010,
3000019,
3000022,
3000030,
3000032,
3000033,
3000034,
3000036,
3000037,
3000038,
3000040,
3000042,
3000047,
3000050,
3000062,
3000072,
3000075,
3000077,
