#locationID,locationID
2968,45
343,211
2253,421
2826,405
557,49
557,442
71,137
71,137
255,11
2940,421
2940,420
3190,37
2790,442
2790,49
2448,36
3043,405
787,512
1308,17
24,17
1312,356
2522,45
2013,36
2350,407
2350,39
2750,405
1308,240
1733,514
1183,140
2660,46
1819,45
1183,140
3062,437
1183,4
3062,47
2013,436
1910,46
1255,49
1158,352
1417,356
3522,36
1257,233
2465,421
2039,421
2860,243
1802,361
1645,356
2766,405
2505,36
701,16
1987,421
2861,17
3236,356
161,54
3476,45
1115,214
1115,14
3479,244
3479,17
1500,36
2061,47
3439,514
355,405
3108,36
2061,437
1979,421
2077,437
2077,47
1378,49
609,147
609,6
609,148
3350,36
3274,514
2904,386
1500,436
1409,45
1932,436
2731,437
2731,47
2992,338
674,17
1020,403
3178,442
3178,49
165,358
2305,46
1698,476
165,359
257,386
2189,421
3616,244
3616,17
2214,477
1539,421
2214,478
2545,437
3549,421
2545,47
23,367
87,21
808,289
1156,223
1932,36
191,47
2300,342
1616,45
2602,49
191,437
56,66
273,49
273,442
24,239
2496,39
2496,407
627,46
1861,49
1459,48
1459,441
1459,441
1751,49
581,46
713,36
713,391
1562,39
3010,338
2485,46
1388,436
908,405
137,374
1997,47
1997,437
2176,36
835,343
539,49
1490,19
999,159
1575,405
2373,47
2373,437
2863,48
2863,441
2863,441
2865,399
822,405
1345,49
3118,421
2578,46
1992,314
1418,39
1691,330
2216,421
1018,405
873,289
1184,227
1184,229
1679,338
1697,49
998,21
459,46
586,138
808,292
1426,437
1881,339
586,3
2707,47
1426,47
2707,437
28,59
3626,521
2756,355
2886,386
2193,49
586,144
1279,21
1440,39
2931,314
2991,49
3399,437
3399,47
506,356
1889,36
3341,475
3341,51
3306,21
3434,21
2412,442
2412,49
1563,426
330,36
1563,44
1563,424
1302,17
164,391
164,36
8,57
2465,36
3218,114
1302,244
2039,36
79,19
1042,49
2924,421
2221,332
2221,331
2924,420
2813,403
1059,415
1553,421
873,292
327,421
60,405
2269,28
911,46
2269,335
1023,21
2060,318
2199,21
2705,405
699,405
1217,378
3119,46
2498,36
1536,36
1891,421
1714,378
2697,49
552,423
2279,47
2279,437
3312,21
788,482
3598,47
3598,437
1640,289
9,442
1860,302
9,49
1178,405
904,25
1050,405
945,405
1661,36
1761,21
788,488
3542,36
1717,10
1717,183
2746,405
50,17
1098,405
2583,442
620,407
620,39
588,143
1506,421
1087,39
2369,345
1087,407
2766,46
2583,49
1360,441
585,21
1360,48
1360,441
1294,49
3601,45
2750,46
739,46
2505,355
2093,159
3603,523
2963,214
2963,14
2021,32
2406,47
3394,47
2406,437
3394,437
1158,36
1255,356
3585,159
947,21
1714,44
3485,505
3177,36
2021,363
363,21
136,49
1645,49
3565,21
2263,36
3292,51
681,22
3237,183
3237,10
3433,441
3433,441
3326,21
3433,48
1463,336
232,122
1463,29
955,155
955,156
410,115
1417,338
1158,443
874,45
1468,37
1640,292
2464,421
2977,32
810,37
3582,21
1378,356
2745,46
2431,442
2431,49
3277,156
3277,155
3538,421
1216,301
1900,339
1216,35
1249,140
1249,4
1249,140
135,43
2354,47
2354,437
2152,420
2152,421
1661,443
908,46
3117,36
1051,46
2602,356
2253,36
1003,426
3043,46
1003,44
1003,424
2826,46
3508,32
1773,426
355,46
1773,44
2463,36
1773,424
1739,518
1979,36
2569,37
227,92
1312,338
3508,368
3117,439
1861,356
3252,386
1751,356
2188,159
1539,36
1929,0
3216,451
60,46
2661,32
2661,368
539,356
733,405
796,140
796,140
796,4
2395,17
2229,421
1345,356
1255,338
2579,29
1787,391
1787,36
3176,47
3176,437
1420,46
1049,159
603,21
277,358
2647,405
477,39
160,45
556,216
235,168
556,215
979,44
101,22
1697,356
2724,339
3566,21
3322,205
551,38
3030,354
551,136
3030,353
502,155
57,405
502,156
2307,405
313,442
3332,339
2789,47
635,216
2763,388
635,215
313,49
2789,437
1155,17
2745,405
1168,386
2193,356
822,46
1712,424
2578,405
1712,44
1099,49
1712,426
2216,36
2904,45
639,405
2433,421
1503,36
2433,420
3138,36
1860,32
3323,21
1032,183
1032,10
3254,32
721,42
3254,368
1553,36
2602,338
2991,356
924,53
1143,54
506,49
47,442
2635,514
47,49
327,36
1905,403
2939,36
911,405
2227,36
1912,17
3012,49
1289,436
3012,442
346,49
767,288
346,442
1509,36
699,46
2227,433
2227,434
293,442
293,49
1398,385
3522,421
1334,437
3088,44
3088,424
1334,47
3088,426
153,514
2512,359
2512,358
1891,36
2404,346
3041,17
3251,339
73,17
2313,47
2984,49
2313,437
277,370
1837,32
3029,45
3029,430
3464,243
2667,407
654,21
2667,39
1060,375
3010,356
500,21
1410,32
1575,46
2776,17
2998,49
1509,443
3209,452
88,157
2996,442
2996,49
519,49
1289,36
2646,46
285,356
2697,356
1325,16
1325,242
2522,387
2522,386
1484,36
3635,244
642,46
3635,17
2557,366
1154,405
1410,363
1763,79
1763,493
739,405
1786,36
1786,391
1902,32
2904,291
1468,374
1386,356
3499,404
2263,354
647,514
3291,159
2263,353
2178,36
1118,36
3337,473
552,54
354,46
630,358
707,514
630,359
1576,405
2837,386
3063,405
3212,126
2477,442
3426,49
2175,51
1882,269
2477,49
1934,439
945,46
3472,17
2018,386
3504,421
119,43
3299,139
1815,403
2538,48
1066,137
2538,441
2538,441
1066,137
3476,386
169,49
1615,67
484,36
89,21
1159,45
871,352
2300,49
2927,36
2998,338
481,405
136,356
1506,36
1416,437
1416,47
325,49
325,442
2582,49
665,29
3275,514
2967,402
1045,21
745,431
3233,122
538,237
625,46
2215,436
2215,36
525,159
3040,356
2463,421
3109,36
2608,42
2443,237
2504,355
1995,36
682,288
3537,37
2991,338
74,85
2906,386
3615,244
1632,405
3465,291
1250,140
1250,140
1250,4
2433,36
1871,32
1790,437
1790,47
232,94
3615,17
2074,441
2074,441
2074,48
1911,403
2732,35
1005,44
1005,424
1005,426
1201,437
1716,514
1201,47
2012,421
531,405
460,421
1273,21
2252,36
2746,46
3042,403
2113,79
2113,493
193,47
193,437
529,46
910,405
3630,46
1420,405
137,37
2804,437
2163,22
2804,47
1178,46
1906,308
2063,17
1900,32
2283,49
580,21
253,375
1874,36
2012,36
2558,421
3017,437
3017,47
2307,46
69,183
69,10
3432,405
2886,45
2570,244
2570,17
2606,437
2999,442
2037,421
2999,49
2606,47
1461,36
1874,439
3454,243
3624,421
2052,17
2045,367
2724,32
1311,49
2211,21
2014,36
2423,442
809,45
2423,49
2939,421
1266,47
1266,437
625,405
360,36
1027,201
3279,22
2666,46
3607,17
754,49
3350,355
3626,45
516,36
2795,437
969,49
969,442
1022,356
1376,356
1099,356
2795,47
2568,32
678,29
3538,36
2568,368
307,356
1711,426
1711,424
1280,207
1711,44
2112,36
2747,405
3251,32
2288,47
2288,437
155,514
347,442
347,49
3482,89
2378,300
764,288
3067,46
1040,356
1651,439
3348,237
57,46
725,171
269,102
1364,49
269,101
3027,47
1364,442
3027,437
835,443
3143,421
2791,47
2791,437
3009,49
3009,442
1288,436
3332,32
2484,405
3642,49
2984,356
507,437
507,47
483,46
2311,47
1088,45
2311,437
3344,36
121,391
121,36
676,29
564,46
1288,36
2497,355
2814,46
666,16
1934,36
2998,356
1407,374
2178,421
1890,32
49,437
1054,19
2777,241
1061,375
2397,441
2397,441
2397,48
49,47
3519,36
3425,514
2306,36
835,36
1474,256
1474,18
1474,256
285,49
4,442
4,49
2233,36
287,356
3634,17
2647,46
668,161
1595,21
1651,36
516,431
210,442
210,49
2523,437
2523,47
3549,36
95,21
464,36
147,183
147,10
761,437
761,47
2332,442
2332,49
432,121
1759,21
160,375
1386,49
1421,39
2599,32
3207,244
2995,49
3207,17
1576,46
2306,443
677,46
2927,420
2927,421
1075,21
404,114
124,43
2557,36
3426,356
529,405
3630,405
403,47
1312,49
403,437
2650,8
3477,17
311,49
311,442
3140,36
3321,205
2300,356
2599,373
58,405
1276,517
330,443
871,443
1425,437
1425,47
2512,46
165,46
1710,44
1710,424
1710,426
1738,159
3504,36
2504,36
2557,443
3091,183
751,237
3091,10
2817,392
840,222
840,15
2660,405
498,514
2540,32
531,46
151,154
663,441
316,36
663,48
524,46
663,441
2352,437
2352,47
3550,421
3578,21
910,46
3298,139
2336,437
2432,442
2432,49
2336,47
627,405
523,132
3252,45
760,173
2112,421
2624,84
760,25
581,405
2967,45
2495,301
2495,35
1062,45
1756,283
1756,282
1062,430
358,21
1501,46
626,150
3109,421
1030,137
1030,137
3108,421
354,405
568,21
2212,79
3118,36
1041,21
1995,421
1388,36
1059,45
706,21
1059,430
3,17
3124,517
1137,403
2598,42
1617,45
3573,36
1739,44
2838,397
409,237
2283,356
257,45
3393,356
1079,21
2252,421
1021,405
2906,291
3126,421
3325,51
664,16
3419,296
3419,23
555,437
555,47
3573,421
2485,405
194,21
3369,45
913,49
2558,36
913,442
3143,36
754,356
1871,339
1881,364
3453,45
1376,49
1022,49
3432,46
2989,47
2989,437
3204,17
1064,4
1064,140
1064,140
2381,300
3624,36
623,149
890,21
307,49
2828,393
2052,316
2862,241
3175,401
2513,47
2513,437
1881,32
1159,386
1652,436
3403,490
1185,226
1053,19
3140,421
1344,49
2814,405
1344,442
58,46
1362,49
2223,332
1362,442
2705,46
2887,386
3119,405
1223,4
1223,140
1223,140
871,36
330,352
1042,356
1398,37
2223,331
2060,17
2173,211
3136,429
366,41
3189,444
2233,421
3067,405
2408,442
1062,415
2408,49
1772,403
207,442
207,49
48,61
1933,32
1884,368
3287,183
3287,10
1884,32
1256,39
3160,54
2184,159
2176,421
3478,504
3160,496
2498,355
3500,511
1118,421
1439,47
1439,437
1105,216
2698,437
1105,215
3492,386
2698,47
2728,47
2728,437
3372,437
3212,455
3372,47
464,436
2706,405
1652,36
287,49
786,371
591,145
3424,516
381,35
571,139
2840,49
3282,156
3282,155
2044,36
2827,394
2827,395
2561,49
2561,442
2636,339
1542,36
3491,244
3491,17
974,21
834,415
734,46
3086,183
3086,10
440,237
3597,45
3597,430
1175,17
1830,36
903,46
3625,407
3625,39
1020,32
2130,356
1122,217
3210,17
857,443
2749,46
2351,437
192,21
51,21
2351,47
3429,46
2111,493
2111,79
808,45
3026,442
1170,10
3026,49
1170,183
2320,405
1455,21
1616,289
1962,36
2381,35
1320,243
3375,45
1441,436
2102,21
1830,443
2837,45
2103,405
130,46
3324,21
530,49
2044,436
1431,356
2559,47
675,168
857,36
855,356
1441,36
2962,14
2559,437
926,53
1149,439
2962,214
1913,407
851,36
722,421
1198,17
2837,396
6,17
2043,367
3610,437
3610,47
2251,36
1149,36
3581,21
2556,25
3464,386
964,198
964,196
948,156
948,155
482,39
2045,17
781,49
1138,221
1138,220
470,211
906,46
1834,36
316,353
316,354
704,370
1709,327
2600,421
1214,32
637,25
2982,17
2834,441
2834,48
3081,44
3081,424
3081,426
1021,46
2276,35
3391,407
3391,39
751,39
2276,301
2382,437
2333,443
3453,386
2382,47
3315,21
2895,47
2895,437
2830,46
1079,514
3366,405
3016,47
3016,437
1793,356
2333,36
1915,403
1834,443
2413,421
1819,291
717,405
2413,420
2948,36
2827,45
971,21
2805,437
2805,47
3121,517
2581,49
3455,45
1804,368
2738,49
1988,36
1505,36
3465,386
1992,421
1501,405
2542,405
2674,421
3073,405
1140,464
3361,289
1293,356
2407,437
2407,47
1394,37
146,10
146,183
717,46
70,7
3148,437
3148,47
2153,420
1804,32
2153,421
2679,49
2679,442
583,21
295,356
622,49
1650,421
462,36
1505,433
2208,421
478,421
19,442
19,49
326,36
2938,436
579,236
1864,35
3280,155
2230,356
2966,386
95,514
3427,494
2699,49
1544,421
27,441
1544,420
2938,36
27,441
27,48
249,49
2596,47
249,442
2596,437
2072,39
477,237
2072,407
1046,159
3301,18
1001,323
1123,17
171,46
364,21
1957,421
1419,47
1419,437
456,46
1734,159
3090,10
3090,183
2143,356
2860,386
1913,39
1427,237
2224,331
1640,45
326,443
422,124
422,123
1653,36
2129,46
1395,437
1395,47
1535,420
1535,421
1678,356
1290,36
2458,36
3272,21
1340,421
2838,45
3521,421
937,21
517,356
984,378
3626,386
1514,436
130,405
2196,356
656,21
1478,421
3363,47
3363,437
2041,436
2706,46
766,49
1063,375
783,17
2041,36
2349,36
946,49
3406,49
1778,402
1374,79
253,212
700,36
1857,47
1857,437
2170,211
2535,405
618,39
618,407
1363,441
1363,48
3156,436
1363,441
1892,36
78,19
1949,517
1616,292
289,49
501,21
3271,468
3271,468
3156,36
554,423
3623,237
2179,36
2629,426
2629,424
2629,44
378,405
2379,405
1694,49
189,47
2600,36
189,437
1467,32
1837,403
2977,403
1830,352
2161,79
2161,493
484,421
1281,436
162,46
874,289
3411,407
3411,39
75,159
1028,13
1028,194
3292,205
1214,339
103,155
2103,46
2664,46
103,156
774,36
1562,237
686,393
3061,444
2147,36
2762,49
1715,514
2130,49
1281,36
3589,386
3055,17
3371,405
2901,386
1802,433
168,46
2840,356
469,39
262,438
20,237
523,159
3475,17
821,36
1903,32
259,49
1802,36
259,442
800,47
800,437
387,338
734,405
2025,339
142,424
142,44
3252,243
142,426
2636,32
1498,36
708,170
1407,37
2887,45
530,356
3474,29
595,46
1431,49
3495,35
2076,437
2076,47
972,46
700,431
3452,514
2749,405
919,237
1514,36
857,352
631,17
710,48
710,441
710,441
75,85
956,195
1660,366
1311,338
902,405
1962,421
1962,420
1673,17
460,36
3639,244
3493,338
3639,17
1973,36
1136,437
1136,47
3290,85
3040,49
3276,514
1102,213
3428,514
3590,386
3612,244
2108,49
3366,46
3047,407
3612,17
3047,39
1713,514
357,405
1973,439
3343,25
787,176
3361,292
781,356
1542,420
1542,421
821,431
23,17
3606,29
2993,49
1462,36
2015,36
2993,442
2542,46
2254,436
2058,17
905,42
3162,436
1462,436
1526,19
1743,356
3358,479
630,46
2333,352
2254,36
851,353
1793,49
903,405
851,354
1104,353
1104,354
629,7
629,152
3368,481
2564,403
1632,46
982,42
906,405
3162,36
1467,363
2581,356
2915,436
2719,346
104,215
104,216
2972,214
1377,493
2972,14
2738,356
1377,79
3290,159
2232,19
2479,49
2479,442
2446,420
1905,32
2202,314
2446,421
486,436
2638,49
368,4
1892,420
1892,421
368,140
2497,36
368,140
2941,36
416,17
3519,421
1293,49
2747,46
370,41
1730,19
457,216
457,215
3313,358
1188,46
486,36
927,514
1180,4
1180,140
1180,140
1311,356
922,375
704,358
745,36
3316,514
1644,49
3521,36
2079,437
1911,32
2079,47
1233,140
1233,140
3503,36
2226,7
1233,4
2101,321
2699,356
2037,36
1069,79
1069,493
1668,49
1375,46
2605,374
1203,232
2915,36
2415,517
1244,46
1619,352
533,146
1396,439
1280,235
1986,421
3232,17
682,22
2815,356
874,292
1529,36
1678,49
789,365
3134,428
789,365
1040,49
2535,46
2725,47
2725,437
1396,36
1498,420
1544,36
1498,421
2268,46
3431,21
2372,36
2196,49
1529,436
946,356
360,353
2482,405
972,405
2179,421
2230,342
3313,370
2194,21
2372,433
2892,437
2892,47
2466,36
3406,356
487,46
3175,51
378,46
1650,36
3493,356
1653,421
3614,11
564,204
2129,405
2447,49
2458,421
1340,36
3083,437
2428,36
3083,47
1056,19
2478,421
387,356
3641,45
3099,36
1939,368
1939,32
2787,161
2456,421
1615,17
228,17
1694,356
3371,46
1592,21
1552,36
1000,44
1000,424
1676,338
1482,421
1000,426
1993,313
229,91
1819,386
1609,47
3614,245
1609,437
886,356
789,25
1098,46
1660,443
2038,32
1454,243
2762,356
984,44
3177,421
1167,46
1107,421
3599,47
2556,365
809,292
3044,339
2556,365
1803,46
3599,437
534,405
154,168
2241,36
1570,53
1570,485
872,289
1978,436
3039,17
1894,432
1894,435
1894,46
1747,279
2992,49
123,405
2669,17
3591,521
2089,437
2089,47
3495,510
3495,512
12,49
12,442
2575,42
763,437
763,47
1408,250
1777,159
1754,21
2147,421
1882,32
1437,39
255,245
860,36
2094,159
1421,237
521,405
2541,46
1584,7
2441,442
2441,49
2126,49
1063,45
3302,469
1104,36
2118,17
2118,244
1566,53
1047,159
1566,485
584,142
2337,405
3370,183
3370,10
2709,407
1692,237
312,442
2838,375
312,49
2101,26
532,36
1088,292
2709,39
300,435
300,46
1936,310
300,432
1936,309
809,289
1380,356
1978,36
398,10
398,183
2597,32
1372,21
2027,45
2464,36
2597,368
1660,36
3349,478
3349,477
774,421
532,433
230,49
230,442
2664,405
1743,49
118,244
841,49
118,17
1094,356
357,46
1017,378
3146,391
3146,36
2015,421
2040,339
658,21
3130,36
2930,36
895,49
3503,421
3299,18
2478,36
1766,79
1766,493
1375,405
3281,514
2730,42
3554,439
21,17
2966,45
639,46
1347,49
1347,442
1244,405
541,46
1327,49
538,39
3138,421
641,46
2017,47
3381,483
2017,437
1986,36
1088,289
2620,437
2620,47
3235,356
1644,356
3554,36
2860,45
2370,47
2370,437
90,79
558,49
90,493
3465,45
1265,49
2446,36
3007,338
479,237
1061,402
374,46
2482,46
1256,237
1836,405
152,204
1676,356
160,402
1619,36
2466,421
2466,420
2138,326
1964,36
2372,361
2815,49
487,405
1619,443
3319,176
3489,17
475,237
2634,32
388,436
2119,325
2119,324
2119,27
836,39
3333,36
836,407
1314,49
258,29
3309,49
735,39
642,405
1670,41
359,36
3565,493
3565,79
2727,49
1624,434
1624,433
2727,442
2268,405
2165,46
2925,36
2997,405
1390,356
3188,37
3206,37
615,16
1135,22
1310,437
2447,356
1310,47
1624,36
2959,356
3010,49
1253,140
1574,46
655,21
1394,385
3381,0
1263,4
3099,355
1263,140
2941,420
1263,140
2941,421
2761,17
187,405
2229,36
1339,49
519,356
1339,442
3082,356
1509,352
3248,17
3248,244
3469,171
1253,4
1727,277
2624,44
2605,37
2726,437
388,36
648,46
382,47
382,437
1585,44
1880,356
1585,426
1585,424
2726,47
3070,421
704,46
1903,403
1902,403
1050,211
891,338
599,363
3396,487
123,46
703,49
1574,405
2857,289
1211,23
1211,296
1745,36
886,49
619,16
2207,4
2830,405
3403,29
864,39
2886,243
2948,421
864,407
1678,338
1552,421
1217,44
2992,356
3044,32
722,36
554,54
1381,338
2634,339
599,32
1745,443
431,441
431,441
431,48
3306,469
3334,471
2573,358
3590,45
1067,202
2109,159
1910,405
3307,21
1781,21
3129,36
1803,405
765,49
1268,39
684,36
684,391
2901,45
1137,32
478,36
2541,405
996,296
996,23
2305,358
465,216
465,215
2126,356
2005,436
14,442
14,49
3638,243
2305,362
2857,292
310,442
310,49
1061,45
2040,32
1836,46
2743,39
792,514
1957,36
3074,17
3074,244
1834,352
3535,36
3535,391
435,125
1380,49
186,21
360,297
2442,49
2442,442
2180,329
2609,426
2609,424
1992,36
2609,44
1035,21
1086,210
3455,498
3455,497
1943,312
2844,46
2207,140
2385,46
2207,140
3551,36
2573,370
841,356
3510,32
203,29
3416,168
3510,368
83,21
3321,51
3589,45
1018,46
229,126
277,46
3133,421
2189,36
534,46
1800,297
2708,47
723,168
3572,36
3531,17
895,356
2708,437
3564,21
3526,36
1194,49
1194,442
1838,333
1703,327
3551,421
3288,21
3526,439
1053,137
1053,137
3572,436
3537,374
597,21
171,405
1327,356
3070,36
295,49
374,405
622,356
276,514
1630,405
1964,421
3235,49
2930,421
641,405
2515,437
2515,47
1988,421
1017,44
558,356
1031,159
1265,356
2912,436
3073,46
2337,46
1235,140
1235,140
1235,4
791,179
791,180
3430,441
2802,301
2756,36
1082,225
371,108
2553,405
2802,35
371,109
1933,403
2153,36
1068,21
2912,36
1676,49
1202,489
541,405
3430,48
3430,441
2208,36
3325,205
3007,356
1519,407
1519,39
1123,218
1123,219
2997,46
2165,405
1511,259
73,67
73,68
1511,260
2925,421
1293,338
1301,17
1301,244
187,46
284,442
284,49
71,19
1314,356
1607,43
3129,421
872,292
3129,420
2616,437
2616,47
1012,514
198,25
3202,17
521,46
1889,421
1482,36
1390,49
3462,244
3462,17
3112,36
1535,36
1016,156
1290,421
40,442
40,49
170,81
2674,36
289,356
1016,155
148,407
148,39
3333,421
3082,49
1504,47
1504,437
1167,405
3631,17
2349,421
1880,49
461,46
2241,421
1778,45
1838,30
3607,62
1682,356
2909,36
1579,44
3461,47
3461,437
2310,32
1680,51
2310,368
971,156
971,155
556,46
2653,163
2653,8
2723,346
1499,237
1427,39
1931,32
496,36
1571,46
3569,36
1549,36
3101,421
485,46
2092,338
386,405
1731,485
1731,53
1100,45
758,437
319,36
758,47
3478,17
3569,439
705,353
705,354
3505,421
3591,45
459,215
459,216
31,39
2573,46
1555,39
1550,36
3180,36
1842,49
2862,45
923,21
644,50
2585,356
3473,165
765,356
348,49
348,442
820,47
3025,356
820,437
3270,157
977,424
977,426
977,44
1914,36
351,46
407,47
610,405
225,49
407,437
225,442
2000,421
1328,36
636,215
3285,49
636,216
814,338
2714,36
1328,436
22,237
1975,439
1093,356
1381,356
1915,32
1721,514
2953,49
1823,17
2800,387
3584,514
2800,386
301,46
3180,443
1134,437
1134,47
3196,448
3539,421
891,356
172,83
448,407
448,39
2547,47
2547,437
2249,421
3255,460
3374,25
3133,36
690,368
2662,405
204,29
690,32
2418,36
1684,46
3470,499
3434,514
3577,355
1688,137
1659,352
1688,137
3227,48
1454,45
2324,356
3227,441
3227,441
992,356
2613,44
1818,36
2613,424
2613,426
528,201
1557,421
1799,46
3507,421
1897,32
1588,356
2777,45
1975,36
274,442
274,49
2742,46
461,215
1600,45
461,216
628,152
628,7
2056,391
2056,36
3387,46
3586,45
2635,21
3057,17
2662,46
2330,356
1659,443
3636,386
2116,47
2116,437
1684,405
482,237
2209,49
2146,421
1423,252
3112,421
2980,49
3112,420
1704,426
1704,424
1704,44
973,49
2059,17
2287,32
1789,292
3025,338
2284,49
3618,17
214,126
3354,480
3540,36
2969,45
3375,292
1831,356
2053,368
1063,402
50,64
677,216
50,65
677,215
2053,32
2429,442
2429,49
345,19
3193,441
2533,378
3193,48
1560,263
3226,363
2005,36
3404,39
3404,407
2071,437
2467,421
2467,420
3110,428
2071,47
610,46
2543,46
1126,464
1602,431
2136,49
303,356
712,17
1227,405
3249,17
480,421
1789,289
3640,47
1612,45
3640,437
292,356
1357,214
1357,14
1693,356
889,49
3000,391
3000,36
2820,48
2820,441
1800,353
2820,441
3093,11
410,17
3361,45
3181,36
256,442
256,49
2163,288
1767,426
2775,32
1465,49
2775,368
1767,424
1767,44
2023,32
3347,421
1757,21
1479,36
422,45
948,21
2524,47
2524,437
3375,289
2822,405
3014,49
3014,442
2452,49
3463,17
3463,244
3211,37
2452,442
3384,10
1166,415
3384,183
833,46
1313,45
3296,36
1152,45
1578,403
2580,356
238,49
1513,49
1513,442
3098,36
520,49
1582,426
1582,424
1582,44
1682,49
324,49
324,442
399,10
399,183
52,21
1436,368
1436,32
2183,49
653,155
653,156
2127,46
35,442
35,49
3460,45
1618,343
2224,433
1807,36
1599,20
1621,433
705,36
1776,44
1776,424
1823,67
1776,426
2187,19
2842,49
3515,39
3515,407
825,437
2224,36
825,47
3068,36
294,356
3068,391
2619,49
2619,442
3629,51
3356,289
952,44
759,436
3184,355
1443,159
3192,122
1199,17
3054,41
1671,356
1248,46
830,436
1621,36
1592,155
3179,439
1592,156
654,514
1447,39
3054,418
3054,416
1842,356
361,21
2160,36
759,36
1291,237
2585,49
2262,49
434,48
434,441
434,441
84,19
2564,32
3025,49
3539,36
3144,517
1832,441
1832,441
1832,48
243,17
1602,36
1967,421
678,165
1381,49
2355,49
1557,36
901,46
694,169
694,9
2358,437
2543,405
2358,47
1691,7
891,49
830,36
2810,32
778,443
3600,244
1659,36
3600,17
2064,17
1374,21
2329,49
3356,292
1401,17
793,140
1541,421
793,140
2284,356
394,113
2329,442
633,25
968,21
2817,17
2417,36
951,46
2338,405
3218,17
496,421
1094,49
793,4
272,45
1015,21
907,405
3382,484
3382,52
1401,249
1239,140
1239,4
2980,356
1239,140
1541,36
247,32
2711,37
743,39
1326,242
2861,494
1326,16
973,356
2034,32
2536,44
3499,17
3355,161
2487,405
951,405
242,389
1594,426
1594,424
1594,44
1833,32
1967,36
2000,36
3628,482
3601,184
1368,44
3633,45
17,442
1873,303
153,21
2146,36
3181,355
1588,338
2202,421
17,49
2339,442
2339,49
883,4
883,140
883,140
778,36
3330,354
3330,353
1166,45
1166,430
2081,386
2081,387
239,442
239,49
2958,214
2958,14
3347,36
2136,356
303,49
3304,139
2347,47
2347,437
748,215
748,216
2843,45
1814,47
1814,437
3509,378
3540,355
689,22
889,356
5,49
1365,48
3638,45
367,21
1365,441
1671,338
611,16
1056,137
1056,137
760,173
3623,39
1465,356
3179,36
335,442
335,49
1151,45
139,78
2287,337
2579,171
695,36
1393,37
2235,436
1403,32
1599,267
2127,405
3487,17
765,338
1730,137
1730,137
1155,460
5,442
888,47
1403,363
888,437
2235,36
920,391
920,36
3346,237
1807,443
2330,338
520,356
803,182
803,181
3259,45
2113,21
1491,436
1251,356
1285,237
540,1
2832,352
2265,405
540,133
3410,356
3127,36
43,48
43,441
2453,420
216,46
2453,421
3586,386
1686,405
2362,17
2362,244
1491,36
2222,442
2222,49
2617,30
2842,356
1681,140
1681,140
1261,234
2537,363
1681,4
1434,237
1282,36
2256,47
2256,437
2617,333
2051,356
469,237
2469,421
3552,237
2776,400
3365,17
258,103
902,46
2027,289
637,365
637,365
3496,21
2965,405
1671,49
2537,32
3201,241
168,405
1586,338
3597,522
1191,46
1037,514
155,21
1956,421
2262,356
3221,214
3221,14
2143,49
850,47
850,437
1996,421
3364,391
3364,36
3591,386
3260,14
3260,214
2713,46
1454,386
3568,211
2355,356
20,39
802,49
2494,441
2544,364
2494,441
2494,48
3149,437
88,21
2108,356
3536,99
3149,47
2626,356
2341,437
2341,47
2338,46
1927,36
1777,21
590,407
590,39
3297,139
1309,437
1309,47
1313,375
826,437
826,47
907,46
2029,437
2029,47
428,17
3216,17
3395,486
2799,407
2799,39
1770,288
2472,442
2737,356
2971,51
2034,339
1169,46
2950,36
3395,482
2907,47
181,21
2907,437
1142,403
372,21
2544,32
2472,49
2969,386
3041,411
962,156
962,155
1444,39
3277,21
3,55
396,10
396,183
2801,338
1938,391
1387,49
1827,292
2638,356
1827,293
454,46
1938,36
780,247
3488,17
837,292
1333,421
814,49
1538,421
3488,244
1047,201
2424,420
2424,421
1818,355
3078,49
3165,438
3041,410
1855,363
224,43
1702,36
1718,49
167,46
174,36
687,22
2592,54
1702,433
438,17
1718,442
2800,45
2631,47
131,46
2631,437
2047,49
1664,356
1668,356
2474,36
1234,405
2092,49
1572,405
2881,437
2881,47
1188,405
3093,245
2403,35
632,17
1674,338
3629,526
237,49
237,442
2508,403
2038,403
2576,442
1863,437
2576,49
1863,47
1945,403
598,30
2202,36
30,60
75,21
1886,32
3268,46
1303,47
1303,437
837,289
1855,32
1202,36
365,41
3036,32
3036,368
2149,49
337,442
2409,442
337,49
2409,49
1077,51
780,17
1551,421
2027,292
3493,49
1219,140
1219,4
1885,439
1219,140
1713,21
3127,421
314,38
938,21
2982,404
3228,244
2729,300
3228,17
750,216
1885,36
750,215
3220,37
208,442
2487,46
208,49
1338,36
1984,35
1984,301
1829,39
2832,36
1072,205
568,514
2418,420
2418,421
811,17
811,244
1279,159
282,371
271,17
1799,405
1247,49
1191,405
3312,514
2742,370
2295,403
1552,262
3481,17
3481,244
2117,323
1181,140
1181,140
1181,4
2832,443
2486,46
3327,51
3413,513
2654,46
1052,514
1041,514
112,39
2909,421
112,407
269,17
2265,46
2880,39
299,49
2818,42
299,442
3413,492
157,79
1571,405
3425,21
3031,425
2051,49
3022,408
3022,40
921,49
2236,49
2934,421
194,514
2115,46
1108,51
644,153
2705,211
3330,36
681,288
272,386
86,21
1075,514
2440,36
2536,378
3185,214
3185,14
2544,339
2902,47
2902,437
1531,46
1093,49
2965,46
113,29
113,336
802,356
267,46
3075,476
2801,356
223,49
2785,10
2785,183
223,442
1914,354
1209,426
1209,424
1209,44
1914,353
2626,49
2950,420
1762,21
2638,338
2413,36
2950,421
2742,358
417,49
1670,275
1169,405
167,405
417,442
419,49
419,442
767,22
3231,50
799,4
799,140
799,140
1586,356
345,137
345,137
1996,36
3168,301
3168,35
2713,405
2200,36
1324,45
626,32
992,49
1686,46
3460,386
819,11
2737,49
1588,49
616,216
616,215
1927,421
1286,361
578,477
934,246
2088,32
2088,368
2175,328
1415,405
2200,436
833,405
2209,356
551,136
3319,512
3374,365
3374,365
3450,386
1387,356
736,405
2330,49
3438,48
3438,441
924,191
466,46
3212,17
2405,216
2405,215
2474,421
1960,421
1278,159
1960,420
2094,21
2467,36
879,42
2474,420
2822,46
3078,356
1438,32
1234,46
2273,42
2968,243
3633,386
1809,436
2135,437
2796,37
2135,47
3334,30
182,514
2230,49
1674,356
1873,17
2714,431
1682,338
3207,453
2047,356
1664,49
706,514
1809,36
2023,339
1333,36
633,365
2092,356
1177,225
633,365
1010,85
2255,517
1508,46
1775,37
3308,21
818,32
818,368
2711,385
1411,251
1581,426
1479,421
1800,36
3184,36
1581,44
1581,424
3294,21
209,88
1411,17
3327,470
120,47
120,437
250,35
250,301
94,19
1693,49
834,45
785,39
834,430
1102,386
1550,421
1251,342
1706,464
2663,382
1067,17
2663,34
766,356
3641,386
34,48
34,441
1089,45
2109,21
2025,32
679,269
2316,47
2316,437
1010,159
3217,37
574,208
2841,49
1935,36
100,514
814,356
216,405
3167,17
2580,49
498,21
1478,36
2733,244
861,430
132,14
2733,17
608,433
861,45
132,214
2424,36
914,36
914,391
3485,17
1782,437
608,36
1782,47
1227,46
3638,386
1105,46
3415,514
2704,405
2124,437
1699,327
1789,45
3204,487
1612,289
1068,155
1068,156
1867,363
1732,356
2995,356
2529,49
2529,442
2971,401
1808,47
1808,437
525,132
1415,46
2398,338
1247,356
177,159
2712,405
61,46
643,46
2871,47
2871,437
1292,431
2097,437
3107,517
2097,47
2124,47
2974,405
861,415
1530,421
2455,36
999,21
2141,326
1688,19
2440,421
2586,49
3247,54
2440,420
3247,496
1520,36
1089,271
1531,405
2203,421
805,46
1931,403
3343,476
443,338
3562,21
3492,45
108,74
3024,405
921,356
2203,420
161,154
21,58
3436,48
1520,439
3436,441
3420,29
3436,441
595,204
2906,45
752,421
2170,405
1019,49
894,356
1074,21
1621,361
3163,36
308,49
308,442
1447,237
571,18
1212,47
1212,437
1488,258
1897,403
3307,469
2875,47
2875,437
1612,292
161,80
1268,237
2934,36
2359,405
3636,243
2808,49
1016,21
804,36
1758,281
1758,281
2843,241
1495,36
536,46
127,49
1554,331
2327,35
788,45
1554,332
2327,301
1540,436
1440,237
689,288
1073,206
2120,17
786,49
524,405
1379,356
1377,21
2979,496
2979,54
2120,244
253,45
1369,21
3163,436
1111,292
2931,36
3550,36
3494,244
3494,17
3288,159
1113,292
2195,36
1540,36
2169,356
978,37
2105,356
1584,330
44,442
779,177
1760,21
1008,21
436,126
436,127
1002,44
44,49
1002,426
1002,424
2201,36
2164,433
3203,17
443,356
1435,244
1435,17
2592,221
22,39
1508,405
939,46
1262,49
743,237
2995,338
2178,517
2164,36
3271,18
2048,36
736,46
488,46
974,514
3319,35
859,47
859,437
3126,36
429,29
2192,421
3060,405
2192,420
1960,36
3052,415
2988,49
3124,421
2702,46
3233,458
3500,45
3617,482
2743,237
134,442
134,49
2876,47
2876,437
1753,21
3429,216
2393,421
3429,215
1116,355
1113,289
906,211
1150,15
757,36
72,159
1150,222
1935,421
2811,405
3092,437
3092,47
2345,437
3310,356
1299,17
1944,436
1299,244
757,439
1133,25
1729,356
2266,356
1229,356
1816,437
1816,47
1455,514
470,405
785,237
3428,21
1468,255
493,131
1758,18
392,25
177,85
1555,237
2650,380
3013,356
2650,381
290,442
2864,356
290,49
1292,36
2345,47
1944,36
1735,279
1867,32
2398,356
282,49
1530,36
2455,421
2574,378
1251,49
1989,36
2717,300
1400,403
84,137
84,137
2449,433
805,405
3410,49
2813,32
2035,421
3031,32
3122,36
1373,46
3013,338
1373,435
1373,432
104,46
3398,437
1989,436
3398,47
1732,49
2231,19
3172,183
3172,10
2427,442
2427,49
3122,433
823,17
1466,356
752,36
2449,36
2170,46
2402,42
197,514
1744,17
3257,461
2206,36
2586,356
169,356
1807,290
658,159
898,49
2849,36
2849,391
1965,421
2453,36
2150,79
2150,493
439,129
3525,421
2484,46
2551,47
2551,437
3046,43
3279,288
894,49
1601,431
1499,39
2213,79
544,371
1806,47
1806,437
2303,36
3314,322
3574,355
3617,524
1719,514
172,46
1450,356
1601,36
2206,436
2291,352
897,49
561,136
561,38
315,36
989,356
2808,356
1108,401
873,45
247,269
1956,36
3061,17
2793,301
2793,35
127,356
1352,48
1352,441
1352,441
3454,45
1930,39
1930,407
988,437
988,47
1423,6
1379,49
453,36
1538,36
1904,307
2359,46
185,21
2712,46
1497,49
2169,49
3357,42
1359,441
1359,441
1359,48
536,405
2419,442
3501,49
2419,49
2225,36
402,43
3152,36
1761,79
3322,51
2048,421
1899,32
3060,46
1820,386
1820,387
2514,443
3452,21
1446,19
3496,514
443,49
1215,378
3601,292
3413,17
2335,437
2335,47
2161,21
329,105
2236,371
1262,356
475,39
3450,45
183,437
1878,36
183,47
74,159
371,21
3265,11
768,36
2201,421
2514,36
1102,45
1525,47
1525,437
939,405
3201,45
323,49
323,442
970,47
503,36
970,437
2095,159
990,514
2303,436
3582,156
3582,155
771,36
1418,237
1878,436
768,436
1049,21
1669,41
1843,47
1715,21
1564,426
1843,437
1564,424
1564,44
1965,36
1429,237
131,405
2266,49
3250,17
1729,49
3250,244
2586,338
2410,49
3304,18
2410,442
3124,36
1338,421
1355,17
1355,244
3642,356
2811,46
3152,431
1854,36
2702,405
2149,356
3085,183
3085,10
1315,49
1058,140
1058,4
3276,21
3141,421
1058,140
3356,45
3120,36
603,159
2777,375
3344,354
3344,353
3120,439
3606,171
2689,442
2689,49
3561,156
3561,155
2783,51
2967,375
863,407
675,29
863,39
2864,49
61,405
3039,450
162,215
162,216
3300,468
3300,468
3477,502
1324,375
2344,437
2344,47
961,44
2675,407
2675,39
2183,356
2739,437
2739,47
1827,45
1766,21
453,421
3064,42
1248,405
128,77
1849,32
3525,36
1157,36
2386,36
2160,421
2646,405
3427,17
1193,49
1193,442
1895,403
1466,49
2160,420
2933,36
3029,415
2680,442
2680,49
294,49
1294,356
3338,183
1151,289
3094,10
3338,10
2891,48
2891,441
2891,441
3094,183
3297,18
1119,215
1119,216
3469,29
1849,373
3542,421
2968,386
2133,47
2133,437
1232,4
2035,36
1232,140
1232,140
1208,47
1208,437
3644,214
3644,14
13,442
13,49
499,155
1397,36
1085,4
3238,49
1085,140
1679,49
166,405
995,21
1085,140
1142,32
499,156
3563,21
688,47
688,437
3608,237
1132,47
1476,21
3611,142
1424,39
1631,436
1132,437
1157,431
2404,35
2128,356
1315,338
2916,39
2295,341
2291,443
1122,375
3459,46
489,36
3281,21
1450,49
3030,36
897,356
2291,36
268,46
315,353
315,354
3167,440
3431,79
2896,441
3431,493
373,110
1286,36
3574,36
512,436
1050,46
2896,441
2896,48
322,514
472,216
472,215
693,21
2720,346
1027,159
2110,46
349,421
413,48
413,441
413,441
1497,356
527,405
2460,46
3388,485
3388,53
1848,32
1631,36
967,216
967,215
512,36
1196,17
1795,46
1906,403
1945,32
1675,405
3501,356
221,43
659,168
792,21
1628,36
122,76
122,75
1524,49
349,36
1597,20
1597,266
3278,155
3278,156
527,46
2460,405
1916,46
2508,357
2019,32
2768,441
321,16
2768,441
2019,368
2470,353
2768,48
321,242
1151,292
1534,436
1286,433
2508,32
3479,501
154,29
195,244
195,17
1888,305
1361,442
106,72
2601,48
1361,49
828,431
2601,441
2601,441
2862,375
1486,421
3021,405
2098,478
2098,477
1210,296
1210,23
744,2
1921,407
1921,39
1100,375
744,134
744,135
2197,49
1294,338
98,21
1272,39
2514,352
1035,514
3205,37
2960,214
2960,14
1628,436
2284,338
3559,421
3528,54
3141,36
3586,243
186,514
2065,437
1011,156
1011,155
2065,47
392,365
3089,426
3089,424
3089,44
392,365
377,46
1275,79
1015,514
3289,215
3289,216
2607,43
2181,36
2258,437
2258,47
2773,17
2773,244
936,356
1315,356
3003,49
887,36
1534,36
2717,35
467,36
1589,44
916,49
467,436
38,442
1324,241
38,49
226,17
272,243
1696,356
463,46
523,21
1854,421
897,338
3050,17
1483,36
1414,437
1414,47
1138,54
3509,44
3387,405
2729,35
1785,39
3103,436
1785,407
2024,45
1305,239
787,35
3192,445
2024,430
2783,401
582,431
3507,36
390,112
1305,17
837,45
3103,36
1987,36
2480,431
880,32
823,185
997,25
242,17
1829,295
1030,19
2480,36
812,10
812,183
2567,405
1072,51
1746,79
3219,457
1077,208
2940,36
1844,10
1844,183
3003,338
485,405
3238,356
1679,356
643,405
3101,36
203,167
1618,36
3318,159
954,437
954,47
2933,421
26,47
26,437
1019,356
1495,421
2974,46
2471,36
1795,405
2988,338
3412,168
3285,356
1737,345
3505,36
626,403
2574,44
960,21
2128,49
960,272
3021,46
3454,386
582,36
2931,421
2195,420
578,141
842,431
3201,375
2195,421
1393,374
1089,292
3501,338
1285,39
2295,32
351,405
2296,437
2296,47
1313,241
408,442
408,49
2148,32
2148,368
2843,375
842,36
2684,36
188,21
489,421
3552,39
3459,405
1460,45
231,93
2898,47
2386,355
2898,437
1516,17
925,442
925,49
3323,322
1200,437
1200,47
3264,49
804,431
617,23
617,296
2684,421
381,111
1524,356
3098,355
2348,30
2348,344
102,22
2110,405
1321,242
1321,16
3617,45
2081,45
2192,36
1568,485
1568,53
1945,341
1754,514
3246,244
3246,17
2353,407
2353,39
1483,421
2471,421
3559,36
340,21
2471,420
2104,21
1006,426
3335,36
1831,49
770,42
480,36
1006,424
1006,44
961,378
1471,49
1116,36
2470,36
1215,44
2835,47
2835,437
56,38
260,47
260,437
2852,368
2852,32
1192,4
1192,140
1820,45
2988,356
574,51
3335,436
262,17
2197,356
1985,409
1916,405
679,32
1438,403
470,46
433,17
3158,391
3158,36
8,0
3310,49
646,146
3500,375
89,157
3171,48
166,46
3171,441
935,21
292,49
1486,36
3473,29
1477,79
1477,493
3226,32
174,82
2308,47
2308,437
1397,421
979,378
1618,443
150,159
1229,49
1985,39
70,330
2121,437
2121,47
3052,45
3052,430
2371,408
2151,79
2371,40
936,49
2844,215
2844,216
3003,356
894,338
2024,415
3594,36
3647,386
3647,387
0,113
2183,338
377,405
2212,21
276,21
213,442
92,19
213,49
916,356
3013,49
3594,433
3171,441
1111,45
3226,363
569,4
569,140
1696,49
569,140
1661,273
2181,421
2398,49
386,46
600,39
600,407
1649,36
2137,47
2137,437
1284,421
1656,366
1319,338
3543,36
3165,17
3266,49
138,10
138,183
411,17
1304,437
1304,47
1846,443
1877,421
2781,401
2720,300
632,151
3400,11
3004,46
1649,443
2289,352
3351,36
2683,442
2683,49
2244,36
593,32
1554,36
438,128
491,43
3136,36
2854,45
3487,509
2172,436
442,437
442,47
438,120
1404,46
318,32
1613,32
3523,421
2378,346
981,514
102,477
102,478
494,215
494,216
219,168
1846,36
2366,437
2366,47
1330,421
3019,39
3019,407
2259,32
783,175
2462,436
1528,19
3076,403
3632,243
65,49
2567,46
2509,365
2387,35
2387,301
424,42
748,46
2010,421
2671,302
393,29
899,49
415,49
3489,65
415,442
1282,236
1422,39
728,135
728,2
2695,421
2640,46
2055,47
2055,437
1953,368
1966,421
1953,32
2652,403
2141,433
1523,420
3169,183
3169,10
1523,421
2032,47
2032,437
54,405
1797,437
1805,368
1757,514
1805,32
1797,47
1643,405
3618,525
813,184
2098,22
2994,421
2462,36
2087,32
697,21
1604,405
1991,47
1991,437
421,17
2141,36
2954,49
1796,433
1351,441
1351,441
1351,48
794,140
177,21
1796,36
794,4
794,140
1998,36
2825,47
2825,437
3224,241
54,46
2964,405
915,391
915,36
3408,489
2420,36
447,356
1643,46
361,514
1224,140
1224,4
1224,140
97,21
3196,17
1700,49
1700,442
1100,212
1547,36
1747,44
3242,48
3242,441
3242,441
42,442
42,49
3556,36
607,49
1721,21
3199,407
3199,39
306,49
306,442
3249,459
2334,35
2334,301
2155,47
2155,437
2715,46
1382,67
1471,356
62,46
379,46
1667,356
3272,159
1972,36
2625,49
204,171
3336,355
2261,17
111,46
2695,36
2855,49
1625,443
656,158
656,157
1813,442
1813,49
2377,49
2883,47
2883,437
1966,36
1699,433
2779,43
583,159
2213,21
1083,140
1083,140
1083,4
384,49
318,363
2204,436
2488,46
1384,49
1699,36
602,514
934,44
2560,367
1218,36
1654,343
3114,36
930,21
2854,395
1565,264
1319,356
986,14
986,214
1625,36
3125,421
3195,17
636,46
880,403
1055,140
1055,140
2204,36
1055,4
144,49
144,442
544,49
3075,25
3214,338
2422,421
1981,39
1981,407
959,10
959,183
1300,437
2945,36
2422,420
1300,47
3423,491
2172,36
1164,46
2854,398
652,407
2694,49
652,39
2281,437
3529,37
2784,51
2281,47
3556,439
3222,32
2656,356
3324,159
3055,170
1128,47
1128,437
2732,346
776,37
215,49
215,442
1433,49
3004,405
1218,443
217,89
1369,79
3562,155
3562,156
141,14
3222,363
1113,45
141,214
1038,46
2028,289
593,339
3647,45
3266,356
816,421
2156,36
1760,79
3108,517
2994,36
1488,433
2530,46
3258,375
2364,356
211,46
1384,338
1488,36
1271,237
2641,385
1604,46
1458,514
281,49
1923,403
281,442
1198,230
2657,391
671,338
1434,39
2657,36
202,405
1284,36
2754,36
2754,391
2588,33
2588,372
1877,36
3214,356
2220,442
2220,49
1503,428
2615,339
3620,526
184,82
827,431
2156,439
1523,36
510,436
2360,36
852,44
2517,361
1400,32
65,356
279,49
279,442
2806,37
1907,46
1848,339
2893,441
1727,44
2893,441
2893,48
563,407
563,39
447,338
827,36
2610,374
854,415
1456,356
2870,36
111,405
3215,17
828,36
3446,17
3446,244
862,415
673,163
673,8
1473,32
3331,472
1737,10
931,13
931,194
1998,421
698,168
1636,244
1636,17
2788,17
2788,244
158,436
2847,405
937,159
2394,347
2391,16
2420,421
2391,242
749,338
1475,339
2420,420
877,352
511,36
81,159
3264,371
30,17
1009,378
2360,436
510,36
2063,320
1635,244
1635,17
122,25
661,171
158,36
3365,90
2954,356
2640,405
2100,49
1561,421
511,436
2845,46
268,405
2715,405
1145,405
3645,184
2122,49
2122,442
1811,436
2317,343
997,200
3115,236
997,199
3292,205
99,514
3336,36
429,490
3646,441
200,46
1771,424
1771,426
3646,441
3646,48
3468,386
1771,44
1749,514
3320,21
3443,54
3443,496
1561,36
2030,289
2531,49
3255,17
1858,24
1496,36
1858,299
3584,21
2757,386
2757,387
370,107
129,437
129,47
331,442
331,49
3329,36
1091,46
2201,314
2010,36
3592,47
3592,437
749,356
3125,36
1197,140
1197,140
1197,4
2252,517
1811,36
1237,140
2180,21
1237,140
1237,4
3317,514
297,338
2449,327
2846,49
1926,391
1926,36
2421,49
234,17
2421,442
2819,47
384,356
2819,437
473,36
660,29
1384,356
3329,443
968,514
941,378
2450,356
41,63
62,405
2591,44
1982,403
1319,49
114,29
441,80
437,237
3290,21
2030,292
3594,520
114,336
441,154
1038,405
1382,17
3514,385
573,140
573,140
573,4
1448,32
1675,46
2964,46
1186,407
1186,39
2205,36
1189,442
3543,421
2532,405
1189,49
471,46
2488,405
692,360
211,405
2656,49
1383,49
1936,32
1433,356
1337,442
3400,245
2451,442
2451,49
2205,436
473,391
1264,140
1264,4
1264,140
2422,36
3536,17
2945,420
1337,49
428,119
2945,421
854,430
854,45
2615,32
3512,49
466,215
241,244
474,36
241,17
862,430
466,216
416,118
862,45
100,21
436,17
2701,36
1014,514
45,49
45,442
139,25
2752,405
2614,36
2509,25
2614,436
2364,49
1489,49
2085,363
3620,51
3643,243
2807,401
3397,45
3484,17
547,39
965,356
2493,354
2493,353
940,356
362,21
816,36
1082,17
898,356
2511,405
2219,36
2238,421
2166,159
2050,36
3214,49
380,443
1949,421
1366,11
1218,343
1131,464
2701,436
1845,356
1261,46
2693,36
2808,338
795,4
795,140
795,140
3613,482
896,49
3534,436
1354,49
1354,442
202,46
3575,421
1899,403
278,442
278,49
1048,19
2671,17
1532,46
2080,405
1460,253
1460,254
3243,244
3243,17
737,2
2016,374
3534,36
989,49
2623,442
2623,49
2955,36
2030,45
3390,356
737,135
737,134
414,49
414,442
2845,405
598,146
2085,32
877,36
900,46
1895,32
1272,237
615,160
1110,289
2465,517
3131,36
2167,421
2190,36
3166,36
172,405
1614,45
935,159
1184,17
2870,421
1605,405
1590,49
359,69
2100,356
390,403
2716,36
3166,439
2190,436
877,443
105,70
2954,338
1037,21
2434,442
2434,49
418,39
3422,168
1948,49
2548,46
1276,36
1470,436
2532,46
1091,405
3191,43
1106,47
1106,437
3006,437
3006,47
1770,477
2787,17
3045,10
3045,183
397,407
397,39
1316,338
1980,32
1424,237
1605,46
3308,469
297,356
503,421
3187,17
3187,244
671,356
771,421
2531,356
1011,21
1307,37
2140,442
2140,49
116,391
1009,44
116,36
2681,49
446,437
2681,442
446,47
2174,493
2174,79
3033,44
1532,405
2550,46
1728,30
2735,47
2735,437
3033,426
3033,424
1147,36
638,421
3121,421
3353,36
2342,437
1781,79
2342,47
1133,365
68,49
209,17
1133,365
1470,36
3225,363
1162,296
1162,23
3524,421
784,39
3346,39
1101,298
2218,421
1026,49
1725,493
2028,292
616,46
1851,356
2520,437
2520,47
3611,17
2672,405
2401,17
1147,443
3377,241
2377,338
332,442
332,49
1906,32
1725,79
1036,405
3568,46
2059,74
3295,21
3145,420
3145,421
1756,21
899,338
2445,49
63,405
3111,421
572,140
572,4
2240,36
572,140
2003,36
3528,80
1052,21
3528,154
1163,405
2718,437
2718,47
790,12
790,178
2003,436
3637,45
107,17
732,36
2957,49
3145,36
3512,356
3340,474
691,47
691,437
3071,422
2244,421
3351,355
3131,421
1638,45
2238,36
2050,421
2641,37
949,193
2897,441
2774,242
2897,48
2774,16
338,442
1404,405
29,39
1489,356
2493,36
1949,36
1649,352
1412,32
338,49
2916,237
1755,426
1755,424
3024,46
1755,44
1046,21
3373,22
474,421
2571,437
2571,47
940,49
790,178
667,49
2405,46
562,46
2171,493
2752,46
2171,79
3240,244
3240,17
1943,403
2007,436
394,29
3608,39
491,464
2416,49
2416,442
376,46
2511,46
2007,36
1626,443
2704,46
1230,140
1230,4
1230,140
109,17
3268,216
3268,215
2261,334
3613,524
3136,421
2716,354
2716,353
899,356
750,46
1405,49
1001,21
3069,36
3383,45
3523,36
1506,517
3049,32
2693,421
3244,244
3244,17
976,4
976,140
2955,355
976,140
1764,36
3575,36
2470,297
1764,433
2299,437
2299,47
3418,168
2400,350
2400,31
2138,36
613,160
1666,405
105,69
182,21
1590,356
2259,339
2438,49
2438,442
2105,49
468,216
468,215
2138,433
3544,436
3435,21
941,44
15,49
15,442
1759,284
3224,375
1759,285
3376,289
3444,237
2167,36
3544,36
3121,36
77,19
1896,32
271,104
3270,21
180,47
180,437
297,49
2393,36
671,49
631,151
732,421
1296,238
3353,354
2115,216
3353,353
2115,215
2414,49
372,514
2414,442
2218,36
430,442
2612,45
2590,339
3050,412
2652,32
728,172
2548,405
1257,25
430,49
2243,36
3023,22
2654,216
2654,215
1667,49
401,442
1296,17
401,49
2500,421
3069,421
3315,159
1111,289
68,356
1122,45
317,32
1489,338
3557,421
150,21
2377,356
336,49
669,437
2365,437
881,403
1164,405
669,47
2365,47
336,442
1026,356
245,99
373,433
128,54
2437,237
373,36
3376,292
505,405
63,46
2203,36
1703,433
1851,49
1875,49
2219,421
1590,338
3567,436
2240,421
379,405
638,36
1625,352
317,363
1110,292
1703,36
545,39
1027,21
3267,46
1626,36
2404,300
3567,36
3502,515
3077,25
3502,513
2858,48
2858,441
2858,441
117,437
117,47
1900,306
2004,36
2445,356
3114,421
3514,37
772,301
2319,356
772,35
1600,268
898,338
3568,405
847,17
2668,432
2670,39
2670,407
2668,435
2668,46
1611,437
2781,51
1274,192
380,343
2004,439
1611,47
1036,46
1567,424
1567,426
2957,356
1567,44
2486,405
493,29
3555,421
2461,405
2525,46
1673,274
1753,514
1240,4
3362,161
1240,140
1240,140
2719,35
3151,437
2492,36
3151,47
2239,49
2239,442
423,442
423,49
1039,21
87,156
87,155
782,17
341,21
2867,36
1034,356
296,356
2836,49
3245,126
1231,46
1626,352
2807,51
1096,46
1920,407
1920,39
3367,355
667,356
2546,405
1720,46
885,46
3077,476
2936,421
0,29
334,49
334,442
1114,407
1114,39
1371,49
528,159
1750,518
266,405
1271,39
1043,514
36,17
3057,417
3057,419
513,36
445,338
1065,36
980,49
1569,424
1569,44
1569,426
1634,244
404,17
1634,17
2801,49
1663,405
998,156
998,155
2468,421
1666,46
526,405
1951,356
1515,36
212,17
1317,242
2221,36
2590,32
1603,46
1794,405
1317,16
2217,140
2217,4
2217,140
2622,49
175,405
1780,424
1780,44
843,442
843,49
2622,442
944,405
3354,29
3627,14
3627,214
1780,426
2899,48
1586,49
2899,441
715,51
2899,441
3134,421
2528,437
2528,47
1078,514
2058,317
2517,433
3259,375
1560,421
1596,279
3203,96
3423,164
500,132
513,436
2517,36
522,405
2435,49
156,354
2435,442
1174,46
773,23
3420,168
773,296
156,353
2740,49
1109,36
718,25
718,173
2237,36
1783,47
1783,437
2692,36
696,29
1277,19
1548,431
3412,29
3331,39
420,363
2243,421
831,46
2274,47
2274,437
1283,36
3643,45
2490,221
1112,443
674,164
2610,37
815,36
1322,45
3005,356
339,442
339,49
3557,36
866,296
866,23
2782,17
1283,436
634,46
329,16
3135,421
1578,32
1925,36
3135,420
420,32
1674,49
490,405
963,353
1141,32
505,46
1141,368
2554,355
1112,36
52,159
267,405
2008,439
2069,437
200,359
2425,49
2069,47
200,358
2425,442
2889,441
492,36
2889,441
2889,48
875,16
1370,5
1430,19
1025,356
3628,45
2976,38
2976,136
2753,37
2008,36
244,96
197,21
893,338
2002,439
1316,49
1527,405
3314,159
1413,302
719,437
1485,36
719,47
2002,36
1968,36
753,421
2894,47
2894,437
1389,17
1522,442
1522,49
2500,36
839,405
3355,17
1613,269
1613,270
1548,36
3233,17
1839,23
1839,296
3269,44
261,49
261,442
3257,17
64,214
218,405
439,363
651,46
2525,405
2841,356
64,14
1893,32
2375,36
2375,391
1485,443
1127,301
1127,35
3442,215
3442,216
106,17
2721,437
2721,47
729,36
1389,247
2584,32
1120,14
1335,442
1120,214
1335,49
439,32
2096,405
1606,437
1606,47
3258,45
878,356
2519,352
2469,36
185,514
2246,36
3097,355
1165,47
1165,437
3445,54
3311,46
3445,496
2810,403
444,49
1741,356
2033,47
2033,437
2936,36
1765,424
2199,159
1765,44
1765,426
451,436
1879,421
3323,159
1719,21
304,442
304,49
1687,356
731,421
1034,49
777,211
2492,353
3164,244
3164,17
106,67
488,216
3194,46
2751,405
1961,421
488,215
32,303
3613,45
1261,358
1527,46
1280,21
769,353
769,354
526,46
504,36
1205,46
226,90
445,356
1071,46
1270,7
740,356
1948,371
2468,36
2546,46
2867,421
2833,521
3605,214
2884,437
965,49
2884,47
3605,14
3637,289
1156,17
2028,45
1603,405
896,356
1642,49
1406,49
1406,442
1096,405
3490,509
944,46
980,356
1925,420
3134,36
1925,421
900,405
2158,421
2150,21
848,45
3367,36
492,421
1976,439
1656,36
2057,49
3585,21
2031,47
2031,437
1174,405
504,431
16,47
3533,39
1918,403
3484,506
3484,507
1306,442
1306,49
1976,36
16,437
173,79
614,216
1073,36
156,36
614,215
455,421
3203,447
236,240
1796,361
2080,46
1073,433
1794,46
2549,32
31,237
3637,292
240,244
240,17
3486,405
205,51
575,140
575,4
575,140
685,17
991,405
2461,46
1350,441
1350,48
1656,443
1515,421
1350,441
1875,371
1964,517
451,36
352,46
2740,356
667,338
1826,17
2395,348
218,46
1798,36
2566,368
2566,32
2722,302
455,36
1331,36
2093,21
1798,436
2550,405
588,17
2560,17
701,166
236,17
729,421
1473,403
3005,49
955,21
878,338
991,46
2518,46
1572,46
815,353
1413,32
3524,36
2237,421
1638,375
847,187
2692,421
1847,352
3408,36
3035,51
3035,475
2507,47
302,49
2507,437
302,442
893,356
1112,352
753,36
831,405
3415,21
887,190
1663,46
844,297
1687,338
585,159
2639,296
2381,346
2639,23
3621,183
2587,47
2587,437
3621,10
1025,49
1331,436
634,405
2363,47
2363,437
1126,43
3300,18
2751,46
2770,244
1551,36
1101,375
1220,36
645,46
2770,17
651,405
3135,36
1316,356
270,89
2154,433
1824,437
1824,47
2928,421
1484,332
3111,36
2928,420
1472,356
3414,36
1148,49
3414,391
1084,140
1084,140
1084,4
380,36
2554,36
693,514
1163,46
3483,240
3037,32
3037,368
2096,46
653,21
1549,331
990,21
1850,47
3258,402
1850,437
3377,375
2673,405
1549,332
2970,243
2246,421
2318,405
3471,168
3555,36
1276,421
441,54
2068,437
2068,47
1982,32
3596,39
3596,407
1968,421
1220,443
1828,47
1828,437
2154,36
3587,243
2593,378
3483,17
1485,352
3566,156
3566,155
839,46
1614,292
2853,386
896,338
502,21
2643,49
731,36
2643,442
546,46
37,54
3194,405
890,159
1048,137
1228,4
1048,137
1228,140
1228,140
238,371
1961,36
98,514
2877,47
1859,363
1010,21
444,356
2506,36
2530,405
2682,421
3583,21
1946,421
3105,36
1203,17
2506,439
1886,403
1687,49
352,405
1402,37
3324,322
1750,44
3580,156
3283,159
3580,155
668,17
2158,36
1859,32
1129,43
2179,517
1080,49
3385,242
3385,16
3230,436
445,49
53,514
3018,36
1238,405
769,36
500,159
3546,355
3123,421
2211,159
3123,420
305,356
2877,437
3230,36
1475,32
928,442
3018,436
3256,67
390,32
2847,46
29,237
2873,47
2873,437
1190,140
1190,4
1190,140
1444,237
2054,368
2054,32
3548,421
2417,421
3451,244
1821,437
1821,47
3100,436
3451,17
1456,49
1242,405
2142,36
1658,39
1658,407
2990,442
683,288
1453,46
727,375
275,49
275,442
1496,439
2990,49
463,216
463,215
2518,362
3486,46
2361,437
2361,47
2946,36
901,405
2475,49
2475,442
1990,36
2880,237
2415,36
1521,421
1033,49
3386,49
2389,301
2389,35
2565,437
2565,47
803,45
2518,358
3294,159
928,49
2758,405
664,160
1146,16
1833,339
2106,140
2106,4
2106,140
2784,401
406,17
2084,32
2549,339
1152,386
1924,391
1924,36
867,39
867,407
3457,356
1990,421
1654,36
2526,356
1090,356
2694,338
1768,51
546,405
3628,527
1847,443
576,442
576,49
1429,39
199,43
1847,36
1145,46
3100,36
661,29
2935,39
2935,407
893,49
3289,46
1101,45
2753,385
2823,47
2644,424
2823,437
2644,44
2644,426
953,37
2572,369
1004,21
2399,29
179,47
179,437
3470,17
1654,443
1207,10
2454,49
1207,183
2454,442
2491,443
3595,243
1970,439
1970,36
3273,157
1453,405
1882,304
749,49
2846,356
875,189
1458,21
2318,46
322,21
1236,140
1236,140
1236,4
2612,376
2612,375
1205,405
2722,32
1472,49
2357,244
2357,17
3643,386
659,29
1148,356
501,323
1533,35
231,17
1533,301
2942,36
2491,36
472,46
1706,43
695,354
1487,36
2703,405
2403,300
695,353
3123,36
3636,45
1980,403
3527,49
3192,17
2855,338
2154,361
918,356
3305,18
2490,54
3444,39
3291,21
3084,183
3084,10
1957,517
2533,44
1784,47
1784,437
1291,39
3437,442
3437,49
1868,337
711,14
711,214
1383,356
2658,49
2271,336
3283,85
2271,29
426,49
1222,352
2314,38
2314,136
2182,421
2343,47
2343,437
3529,385
932,405
2673,46
342,36
2833,45
3397,488
176,44
779,17
2104,514
1057,514
1492,442
1492,49
2946,420
2946,421
852,378
1922,39
1922,407
547,237
1238,46
266,46
3326,322
3328,36
149,29
687,288
319,353
319,354
3395,45
2918,36
342,433
366,106
1683,7
730,46
2289,36
298,46
298,435
2839,183
3328,436
298,432
2839,10
1195,140
1195,4
1779,79
3633,243
1080,356
950,43
2918,431
1779,493
196,244
196,17
1680,276
3546,36
1013,49
3407,42
1371,356
101,477
101,478
3560,36
1242,46
1131,43
1487,421
2703,46
1358,442
1358,49
3578,155
2186,421
3578,156
2437,39
2142,421
32,17
305,49
3261,37
3377,45
175,46
2778,29
3115,36
670,17
815,297
2953,356
2289,443
1610,292
1081,17
714,36
2144,47
2144,437
646,30
3219,17
2415,421
1521,36
714,391
2572,44
3293,203
938,159
1109,355
2595,171
1951,49
1909,38
3110,421
3609,237
3020,39
1511,25
3020,407
2758,46
1896,403
2900,47
1738,21
2690,420
2690,421
3259,241
522,46
966,21
2324,49
2682,36
3548,36
3577,36
2563,37
1033,356
3105,421
3386,356
845,297
603,322
2249,36
3397,482
605,21
2900,437
2649,47
2649,437
1477,21
1383,338
2184,21
3280,465
2087,339
3049,403
715,401
3191,464
2099,36
2591,378
1610,289
1622,391
1622,36
1826,294
1148,338
3457,49
1560,36
1587,424
1587,44
1587,426
3034,32
3034,368
2526,49
490,46
2853,45
1090,49
385,46
607,356
2099,436
987,437
385,432
385,435
881,32
987,47
2070,437
2070,47
932,46
247,97
1330,36
405,442
248,442
248,49
3256,17
391,171
405,49
3321,205
3467,29
3200,17
3619,36
1400,248
2491,352
3619,391
1812,47
1812,437
1254,391
1547,421
1254,36
3593,47
2855,356
3593,437
746,356
3142,439
3005,338
2057,371
3200,251
2584,339
1868,32
1600,375
3498,168
2519,443
3380,36
2593,44
37,221
1222,443
2066,47
2066,437
1972,421
3142,36
3560,420
3560,421
3157,434
3157,433
2260,441
2260,48
2260,441
1070,211
3527,356
3157,36
2694,356
918,49
720,29
2618,42
2519,36
2953,338
3517,421
214,87
1222,36
2658,356
967,46
426,356
1391,49
3468,45
1943,32
1929,311
1946,36
2942,421
2942,420
878,49
340,514
1724,173
3097,36
1724,25
2426,421
1076,19
1864,300
1864,301
2426,420
846,356
2191,49
1959,421
1959,420
1627,46
548,39
548,407
922,45
2095,21
2765,405
2686,36
3001,49
1983,403
227,17
3604,289
227,244
542,46
1007,45
2186,36
1709,36
2966,243
393,171
570,137
570,137
2321,47
2481,46
450,49
1213,296
1665,356
2321,437
1213,23
1537,421
3311,358
2502,36
1161,405
1709,433
2821,437
2821,47
2403,346
1893,403
1589,265
1620,272
1620,21
1013,356
2929,421
2929,420
1841,36
2882,47
2882,437
3320,514
3453,243
2210,36
3110,36
869,443
3032,183
3032,10
1023,514
2285,356
2340,437
1722,408
2340,47
1722,40
2690,36
433,130
1646,356
1870,47
344,358
1870,437
801,436
343,405
1954,36
2168,46
3547,421
3301,139
1683,330
3604,292
2257,333
2228,19
1752,49
602,21
1348,441
1348,441
1348,48
3339,37
2686,436
2917,421
452,436
1314,338
1958,421
2255,421
3269,246
1630,46
2082,32
2932,355
2082,368
1919,403
2301,437
2301,47
350,405
452,36
3360,42
3313,46
2064,319
3195,446
3195,450
2304,338
1258,4
1258,140
1258,140
2162,420
2162,421
190,244
190,17
1086,45
1452,391
1124,43
3545,421
358,514
1452,36
344,370
1778,375
159,49
2903,386
2315,437
2315,47
3417,44
535,11
1469,32
1469,368
782,174
1733,21
2257,30
703,371
3159,475
2685,442
3159,51
3155,46
3155,435
2685,49
3155,432
624,49
1146,189
2937,36
1641,405
806,352
698,29
1698,25
3282,21
2042,421
1672,49
494,46
1252,49
2792,437
2792,47
254,103
2794,47
2794,437
509,49
746,49
72,21
1954,421
3104,405
1039,159
3007,49
2481,405
981,21
621,405
1853,353
3571,36
3517,36
1841,443
2922,36
1295,338
2323,35
2323,301
1493,421
1493,420
3349,22
3571,436
515,442
515,49
425,124
2553,46
3352,171
1445,403
440,39
2764,16
425,123
2164,327
1942,421
1614,271
697,514
2430,420
2430,421
813,45
2426,36
3589,243
1039,85
3311,370
1402,385
738,421
895,338
3380,421
1627,405
2247,421
1904,403
838,437
838,47
670,162
1391,356
283,356
1940,36
727,45
1008,156
1008,155
2022,405
2457,421
565,140
565,4
565,140
2676,407
2676,39
93,19
341,159
1320,386
219,29
1695,356
389,356
3645,45
1596,44
846,49
2043,17
2191,356
1332,36
2943,420
2943,421
660,168
2328,49
635,46
2764,189
2132,437
2132,47
3001,356
2589,32
350,46
96,514
3405,36
3441,45
3553,36
450,356
206,49
206,442
99,21
1177,17
2290,47
2290,437
2499,36
2374,25
2922,421
741,405
2922,420
3095,437
860,352
3095,47
1510,36
747,5
2168,405
1332,439
2970,386
2879,437
2879,47
742,356
1749,21
1918,32
1206,47
1206,437
3595,45
2285,49
2255,36
1593,49
2198,436
2736,47
2736,437
1955,356
2987,46
3317,21
1161,46
3058,410
849,437
849,47
3241,244
3241,17
2502,355
2937,421
2937,420
2633,342
1518,420
3058,411
1518,421
2297,442
2297,49
1690,19
1275,21
3392,496
3392,54
133,49
2833,386
1763,21
2086,173
983,49
2086,25
235,29
3263,375
1356,442
1752,356
3130,421
577,437
577,47
876,441
876,441
1356,49
876,48
471,216
3130,420
471,215
2443,39
3472,500
514,436
1748,356
2198,36
2302,47
2302,437
3337,386
2651,437
2651,47
1107,36
947,514
343,46
2384,301
2384,35
3547,36
234,93
514,36
2767,48
2767,441
2185,420
2185,421
2194,159
1735,44
3587,386
198,365
198,365
3516,46
1641,46
450,338
2809,496
2809,54
958,49
3209,17
1140,43
2234,49
3423,17
2234,442
1736,356
2177,356
159,356
3580,21
222,49
288,442
288,49
3439,21
3104,46
176,84
3056,41
1464,365
1464,365
2162,36
806,36
1287,431
801,36
3590,243
1493,36
909,36
3056,416
2577,442
1518,36
3056,418
2577,49
25,48
3622,36
1672,356
2975,401
2633,356
1298,17
1298,244
1119,46
1947,371
509,356
3561,21
1175,224
25,441
152,46
25,441
2961,352
3053,47
3053,437
604,32
178,405
2275,426
74,21
806,443
2275,424
2275,44
2109,322
623,425
738,36
3213,37
919,39
2247,36
708,17
2367,49
2367,442
2225,332
2225,331
909,443
1639,45
2042,36
103,21
3309,356
252,98
2182,36
860,443
832,45
869,36
1182,244
2022,46
363,514
604,363
3362,17
435,17
1182,17
621,46
553,423
91,19
375,405
2943,36
2959,49
1051,216
1051,215
3449,495
2859,442
2859,49
421,122
39,46
3405,443
109,71
2392,437
2392,47
3342,36
1287,36
2214,22
3378,37
1942,36
283,49
1695,49
1121,14
1121,214
2869,421
2869,420
48,17
2921,36
726,405
2499,421
3533,237
2911,421
1741,49
2251,236
1323,47
807,43
1323,437
2114,437
2114,47
1822,43
1723,242
1723,16
3153,35
3153,301
832,289
3079,356
1512,36
725,29
1171,405
1259,46
942,405
1297,244
1297,17
2073,437
2073,47
2723,300
67,356
1047,21
1689,338
2304,49
1865,32
1879,36
1825,365
566,19
2928,36
926,191
740,49
1707,44
1707,424
817,368
817,32
3417,378
580,514
2856,333
1707,426
742,49
3632,45
309,49
508,49
3553,421
508,442
1494,338
994,45
1642,356
3315,322
1955,49
995,155
995,156
2091,32
1974,36
28,17
1199,231
741,46
2856,30
3267,216
3583,159
3267,215
1014,21
2759,35
2759,301
1510,421
2975,51
3576,36
832,292
1817,46
264,437
264,47
601,49
2987,405
2812,32
1792,405
872,45
2173,46
1952,36
2741,49
1428,43
2298,47
2298,437
3262,371
1748,49
665,171
3464,45
844,36
1744,280
1346,441
1346,441
1346,48
707,21
320,355
647,21
1399,371
3368,17
1081,209
499,21
375,46
3389,37
1690,137
845,353
1690,137
497,405
2527,47
2527,437
2428,421
3144,36
2428,420
1595,514
958,356
2910,36
2611,44
756,403
2177,49
1736,49
777,46
1245,356
3516,405
1494,356
1478,517
2456,36
1442,244
6,56
3458,45
1442,17
411,116
411,117
3579,36
2325,301
2325,35
1689,356
3424,17
676,168
2878,47
2878,437
870,443
1726,356
2923,421
2923,420
3603,17
2401,456
85,19
3466,17
3284,437
3284,47
1045,514
1074,207
55,46
1866,302
535,245
964,25
2267,441
2267,441
3634,460
3418,29
2174,21
2267,48
2885,437
2885,47
1204,36
2865,17
870,36
2961,36
2857,45
606,433
2562,371
3161,244
2282,47
3161,17
1367,48
1367,441
1367,441
2282,437
2688,442
1480,421
1716,21
1480,420
2688,49
1408,29
3622,421
1484,257
1801,36
1565,44
2188,21
2780,17
2780,244
2380,46
3065,405
1252,338
1091,211
1259,405
2185,36
1185,38
3150,441
672,437
672,47
108,17
884,49
3273,21
3150,48
3150,441
2309,42
3595,386
2067,47
3229,244
2067,437
3579,433
3229,17
702,288
3563,155
912,47
7,442
912,437
7,49
3563,156
170,45
387,49
606,36
1969,421
2961,443
1476,79
3275,21
1432,17
1432,244
2914,36
1171,46
1692,39
468,46
2483,46
2320,46
543,46
2926,421
3189,17
205,86
2926,420
205,86
1947,49
82,19
1507,471
3011,442
3011,49
594,39
594,407
1243,4
1243,140
1243,140
2687,442
2687,49
2914,439
2824,46
3079,49
1993,30
2457,36
296,49
2836,356
942,46
3116,315
76,19
3278,21
1665,49
67,49
726,46
2304,356
1959,36
2911,36
1898,403
1422,237
18,49
18,442
2798,301
2798,35
3576,421
309,356
3065,46
2765,46
188,159
2983,338
855,49
3239,441
3441,386
1512,421
3422,29
3239,441
3239,48
3253,32
2760,49
2430,36
2760,442
1952,421
2951,420
2951,421
1269,237
844,353
1952,420
1792,46
217,17
1537,36
686,17
1669,275
1888,403
1646,49
2917,36
1633,22
2669,384
2669,383
1092,356
2929,36
2665,42
3318,21
2294,47
3602,17
2294,437
3602,244
2084,403
2011,421
2874,47
2874,437
3234,47
3456,49
3234,437
3456,442
601,356
3497,15
1705,325
1705,27
1705,324
3497,222
2151,21
2369,10
280,442
2741,356
2869,36
2816,244
2816,17
2921,421
1965,517
2921,420
280,49
1725,21
592,17
592,244
320,36
958,338
3137,237
2872,437
2872,47
1464,25
1437,237
2932,36
2091,339
1901,32
1817,405
846,342
3295,514
3435,514
1740,442
1740,49
344,46
2388,46
3059,413
3458,386
2131,36
2131,391
1173,4
479,39
265,0
265,100
1577,46
3139,439
1245,49
550,54
362,514
1958,36
2604,437
2604,47
2719,300
2264,46
3345,51
3345,475
55,405
2920,36
2020,302
1494,49
3283,21
2983,356
3609,39
624,356
2920,439
623,32
1726,49
1220,343
584,17
326,352
3409,49
1746,21
596,140
596,4
3048,32
2910,421
3139,36
2171,21
2011,36
3482,17
1252,356
41,17
963,36
845,36
2173,405
2700,47
2700,437
1031,21
1336,36
2888,437
2888,47
1610,45
517,49
3564,156
870,352
3564,155
1336,439
2923,36
2286,47
562,216
727,402
1940,421
1853,36
2286,437
562,215
2628,42
1969,36
1543,36
1543,391
1769,44
1883,436
1769,424
1769,426
848,375
2379,46
1950,183
1950,10
1762,286
263,49
1856,298
263,442
2763,17
3303,18
1196,228
3570,439
3449,39
3303,256
3303,256
2483,405
1322,375
3215,126
2926,36
2,442
2,49
497,46
3144,421
1883,36
3570,36
869,343
232,17
2824,405
735,237
2380,405
3274,21
389,49
1866,32
1412,339
640,36
2476,36
3511,368
3511,32
1517,19
1349,356
3490,17
2621,49
1774,424
2981,356
1774,426
1774,44
257,243
2677,46
848,188
1187,356
3182,355
3076,32
1153,405
270,17
170,386
3174,51
286,442
201,365
201,365
1556,36
2848,405
1556,439
824,186
286,49
1708,356
1366,245
3632,386
2786,45
1445,32
243,151
3401,356
930,156
1546,421
930,155
543,405
1810,36
2797,47
570,19
246,442
2797,437
1071,204
640,431
2180,207
662,29
662,336
236,95
3137,39
1810,436
184,36
246,49
3023,288
3421,338
2123,442
960,197
3581,514
2123,49
3071,49
2018,45
1677,356
2952,356
3059,17
1909,226
1457,356
696,167
2769,45
1092,49
1043,21
3376,45
2439,442
2503,355
2439,49
1558,36
1405,356
1639,292
2516,407
2516,39
3223,50
2326,49
1060,45
1095,46
1655,352
2611,378
2388,405
3293,36
1558,436
3102,46
244,17
409,39
2539,405
2951,36
1160,54
1840,356
2026,45
2026,430
813,292
1274,21
245,17
716,391
716,36
798,140
798,4
798,140
3513,44
2947,421
611,160
559,39
559,407
2277,47
1097,405
2277,437
395,183
395,10
2264,405
1637,244
1637,17
929,49
2036,339
1024,36
2562,49
2905,47
3132,421
2905,437
1825,25
228,126
3396,17
619,160
2280,47
2280,437
3393,49
2729,346
2510,360
2090,430
2090,45
1226,140
1917,407
1917,39
2270,443
2125,405
400,183
400,10
3442,46
2102,514
1226,140
1977,36
1226,4
1852,49
1553,262
1677,338
2952,338
3106,36
427,11
1977,436
1835,356
994,386
2983,49
2978,10
2978,183
192,514
2270,36
2761,389
3531,519
3532,391
3532,36
2540,269
3197,353
133,371
3197,354
3183,244
2803,51
2803,475
3183,17
3106,436
51,514
1907,359
2049,49
1907,358
2659,36
2659,391
1577,405
2078,405
1156,122
657,339
3588,47
3588,437
1095,405
650,23
650,296
885,215
885,216
2026,415
762,49
3122,427
2539,46
3263,463
3480,386
1269,39
560,134
560,135
560,2
683,22
1983,32
966,159
1343,49
1971,421
1343,442
1608,43
3253,339
2020,32
3008,442
2748,46
376,405
3008,49
692,433
1904,32
612,36
3558,420
2383,17
2383,244
3475,503
3604,45
943,356
692,36
1078,21
1538,517
3558,421
1856,375
2476,421
2292,340
364,514
2292,339
2555,36
2226,330
2319,49
1221,391
1221,36
86,157
1270,330
2720,35
465,46
97,159
3286,10
3096,36
3286,183
2944,420
2944,421
1591,424
1591,426
2851,386
2696,356
1591,44
892,338
328,36
2242,421
425,45
10,442
10,49
46,442
46,49
1225,437
454,215
454,216
3502,17
412,47
412,437
2621,356
2981,49
437,39
884,338
458,421
1225,47
1928,36
110,49
110,442
1349,49
3316,21
2049,338
3401,49
2625,377
2625,377
1928,436
3186,441
3186,48
1329,436
3186,441
1007,482
3322,205
1086,375
2145,36
2464,314
2117,21
457,46
2851,45
2552,46
2594,339
1329,36
3198,17
3198,244
456,216
456,215
2248,36
645,216
2645,44
645,215
1502,36
2645,424
2645,426
3063,46
927,21
81,21
1060,402
449,49
449,442
3072,43
1845,49
1677,49
1655,443
2666,405
2691,36
2678,49
2678,442
2589,403
1065,203
533,30
2090,415
481,46
495,36
2062,47
1923,32
2062,437
2411,36
1657,39
2831,405
1657,407
3480,45
3390,49
1117,214
1117,14
1655,36
356,439
1840,49
2394,17
1629,46
2655,437
2655,47
1912,170
1974,421
1451,442
1451,49
1999,47
1179,437
1999,437
2501,49
1179,47
2501,442
2107,36
1318,338
3466,506
356,36
1994,437
432,17
1994,47
2157,421
1353,442
1353,49
2250,439
2744,46
1762,323
929,356
3224,45
2250,36
764,22
2014,421
353,46
2582,371
1443,21
476,439
2489,375
1392,356
367,159
2947,36
3645,292
2107,421
1639,289
1231,215
2157,36
3197,36
1139,373
2812,403
2245,36
328,421
1231,216
550,221
3225,32
3051,41
3051,414
2444,442
2444,49
3262,49
1835,49
1689,49
933,378
353,405
3245,17
2270,352
1,43
657,32
3471,29
3107,36
2272,437
2245,436
2272,47
2049,356
2125,46
2322,437
2322,47
2083,47
2083,437
777,405
2503,36
3210,456
1139,32
476,36
2831,46
1919,32
1481,49
3558,36
3102,405
1481,442
483,405
126,437
126,47
1573,405
2772,378
1941,385
3518,36
2145,421
2134,437
2134,47
1372,493
1372,79
856,365
1742,44
2630,378
1742,424
1742,426
3170,441
3170,48
3170,441
2521,36
3096,421
3530,49
3530,442
2944,36
578,22
614,46
1720,215
1720,216
1069,21
2278,36
2242,36
3232,454
943,49
1448,403
1044,356
2111,21
2850,46
2402,349
2521,436
884,356
2828,17
1204,421
3358,17
2396,47
2396,437
1801,353
1801,354
2771,22
3182,36
589,5
3208,37
3294,322
2677,405
1770,22
220,49
1405,338
220,442
1480,36
1342,49
2908,36
1342,442
784,237
567,4
2648,44
2672,46
3225,363
2621,342
612,421
2278,443
2908,436
567,140
567,140
140,214
1583,426
140,14
1583,44
1583,424
251,49
251,442
824,17
3080,54
1791,49
1623,391
1623,36
3002,406
2552,405
2328,356
2772,44
2782,390
917,46
1662,46
1545,421
1545,420
2248,421
3340,443
755,36
1502,421
1502,420
2710,39
2710,407
1865,403
2744,405
3066,36
1004,514
1295,49
3113,421
3113,420
3513,518
949,9
115,437
115,47
892,49
1629,405
993,437
2890,437
993,47
2890,47
2555,352
2786,386
1559,36
1054,137
1647,10
1647,183
1054,137
1559,439
3541,36
3483,508
1007,524
1963,421
3520,421
1409,386
3174,401
3348,39
314,66
1593,356
2594,32
2075,437
1241,46
2075,47
1172,405
1876,36
3107,421
66,356
1176,140
3421,49
829,36
1176,4
1176,140
587,4
163,405
458,36
709,441
587,140
709,48
587,140
709,441
553,54
1143,221
1143,220
233,442
233,49
1908,356
3359,442
77,137
3359,49
77,137
3409,371
579,36
2919,36
797,4
797,140
2009,421
2691,421
797,140
2769,386
3506,36
1070,46
962,21
3296,467
3296,466
2829,45
427,245
1368,246
985,356
1160,221
3340,36
1066,19
495,421
2949,36
2411,420
2411,421
3587,45
1507,30
591,17
3116,36
1779,21
143,39
858,36
143,407
1392,49
2436,36
252,339
545,237
3326,159
2159,356
2723,35
125,46
1579,279
222,356
2046,36
1598,267
3447,10
3447,183
2949,421
1598,20
1503,421
83,514
3058,17
2829,394
2829,395
829,436
1890,403
3507,517
858,443
1103,16
3305,468
1103,242
3305,468
1110,45
2378,35
3302,21
983,371
865,46
549,39
549,407
1701,44
1701,426
1701,424
2903,45
3028,49
3028,442
733,46
151,54
163,46
2633,49
3042,32
724,36
680,36
2632,10
2632,183
2868,421
680,391
2868,420
2139,421
655,514
3001,338
922,463
2152,36
1130,43
2956,214
2956,14
1273,159
96,21
1318,356
383,29
3342,353
383,336
3342,354
291,49
291,442
1580,356
2450,49
1862,437
181,159
3173,47
3173,437
3448,405
853,49
756,32
3154,356
1044,49
1672,338
1154,46
3128,421
105,36
1320,45
3128,420
201,25
1648,439
2312,46
1869,363
518,49
365,106
2399,171
1573,46
724,431
178,46
3518,421
173,21
1937,36
917,405
2603,437
2603,47
1815,32
537,36
33,442
3125,517
33,49
1341,36
1322,241
2627,424
39,405
2627,426
2627,44
525,21
2346,47
3263,45
3474,168
2346,437
2534,183
2534,10
1449,4
1449,140
1449,140
1869,32
1267,4
1267,140
1267,140
2732,300
3113,36
229,17
1648,36
2850,405
1685,32
1685,368
1546,36
2778,168
3379,296
3379,23
2555,443
1791,356
181,85
3416,29
868,39
2390,17
2390,244
868,407
1024,353
3337,45
3541,421
2473,442
2473,49
3298,18
1187,49
1399,49
1888,32
3147,436
1853,297
1029,214
1029,14
3520,36
1772,32
605,514
2016,37
2717,346
3441,521
2385,215
3383,289
214,17
2385,216
2210,421
2970,45
59,46
1708,49
892,356
3132,36
3116,421
2734,437
2734,47
406,62
1971,36
1295,356
1728,278
2913,439
369,4
369,140
3458,243
720,168
775,442
775,49
1417,49
1545,36
2368,437
1153,46
1862,47
2368,47
755,421
2489,45
2755,47
856,25
2755,437
810,385
2913,36
2848,46
1901,403
542,405
1846,352
1278,21
3236,49
3369,292
1593,342
2952,49
648,216
2919,421
1872,32
1457,49
2006,439
648,215
1168,45
923,192
2009,36
2006,36
2331,35
1788,46
2331,301
11,49
3506,420
3015,36
11,442
107,73
3506,421
66,49
3421,356
90,21
1872,363
2011,315
2078,46
3280,21
2326,356
952,195
391,29
1734,21
149,168
1057,21
2139,36
145,183
145,10
1908,49
2356,47
2356,437
3147,36
1898,32
2036,32
1241,405
1662,405
1172,46
3256,462
1876,421
3352,29
730,216
730,215
3314,21
1702,327
1967,517
985,49
1385,437
1385,47
1070,405
2448,420
2973,14
3202,449
2448,421
2973,214
904,365
3015,436
702,22
666,160
1012,21
1097,46
2985,43
2166,21
1937,420
2642,426
1937,421
3498,29
447,49
1124,464
2159,49
865,405
2293,437
1768,287
2312,405
2293,47
1246,140
1246,4
1852,356
3631,452
3087,10
3087,183
2986,49
2648,379
2986,442
53,21
2642,424
2642,44
2868,36
2223,36
528,21
791,36
712,170
2436,420
1887,436
2436,421
36,62
1788,405
2595,29
157,21
1246,140
3545,36
2637,32
2510,433
333,442
1856,45
333,49
2748,405
252,32
125,405
2637,363
3448,46
956,44
2510,36
3402,391
1617,289
3402,36
3128,36
858,352
975,47
762,356
975,437
882,35
3080,423
882,301
2757,45
723,29
1341,421
933,44
2001,436
2489,351
3038,39
3440,35
3440,301
537,420
2459,439
537,421
1580,49
1144,49
685,438
597,514
1144,442
2317,443
2317,36
1536,421
2981,338
418,237
2292,32
1963,36
2459,36
1887,36
2001,36
1536,420
853,356
2866,48
2866,441
2866,441
254,29
1318,49
3154,49
1516,261
3383,292
80,19
1941,37
212,126
3048,269
1617,292
518,356
1260,4
1260,140
2376,36
2376,391
3038,409
957,49
613,16
957,442
1260,140
1956,517
2924,36
2696,49
649,432
3066,421
1125,47
649,435
2046,421
1125,437
649,46
3066,420
3002,442
3002,49
2374,365
2374,365
2630,44
3369,289
59,405
