#strainID,strainID
5248,5252
1308,4805
2154,5429
383,3994
2603,5846
6176,4101
887,5653
5750,5748
742,4326
168,3836
5390,5439
1878,5256
5844,5845
3791,3788
4109,4108
2006,5300
4519,5027
5490,5481
4239,6612
5666,5664
553,4154
81,3745
1854,5196
6539,6535
1816,5148
6552,6645
5020,5015
4542,4539
1566,4941
918,4462
1619,4991
711,4293
4922,4098
1741,5075
4605,4601
4951,5017
3114,6332
2790,6033
4000,6645
4341,4782
1257,4739
4693,4679
3401,6556
3903,3902
5318,5525
3511,6662
4496,4499
3043,6262
5973,5972
5724,5722
3269,6487
2436,5687
6538,6572
3999,4000
4908,4913
2701,5931
1115,4620
4363,4346
6032,6030
2496,5732
3366,3905
741,4312
48,3779
1481,4887
2422,5676
4119,4114
4359,4151
2863,6081
371,3761
6665,6666
5102,5103
3178,6399
5504,5593
914,4454
951,4557
4960,4959
3430,6589
5447,5432
6415,6414
609,4242
2097,5383
3704,3703
1156,4655
2813,6051
6126,6127
1570,4944
5868,5580
2300,5558
56,3691
3630,6756
1533,4912
6242,6239
5148,5150
743,4330
930,4478
3439,6590
1531,4916
4938,3700
2575,5821
3977,3978
2608,5845
5104,5108
2670,5699
5505,5591
5559,5557
3728,3815
2844,6079
1184,4681
6162,6163
3432,6588
796,4387
6007,6004
6455,6451
3387,4611
6615,5986
958,4477
6712,6713
5718,6333
2865,6086
6647,6644
6501,6498
1581,5094
1410,5525
6450,6525
6368,6397
4309,4148
2682,5912
3402,6645
1490,4895
1718,5046
467,4064
3042,6258
6669,6667
2019,5314
5962,5958
5258,5253
187,3857
1708,4834
376,3988
6414,5997
5031,5118
28,3672
207,3871
5276,5273
1992,5345
2623,5862
4215,4189
5206,5753
5753,5749
5788,5789
1161,4657
27,3675
5901,5899
10,3736
5585,5578
3205,6416
2307,5562
5607,5608
1252,4740
4850,4849
1830,5172
2018,5309
1340,5324
84,3754
372,3761
830,4398
3856,3851
979,5653
3808,3810
820,4393
5661,5660
6345,6338
3869,3870
3341,6526
1534,4098
3253,6446
5586,5584
3965,3945
686,4267
1631,4967
2076,5359
4832,4834
2201,5465
3642,6746
4754,4092
4424,6001
2221,5472
1209,4708
5220,5254
6439,5997
2438,5686
1302,4825
1093,4594
2984,6206
6008,6002
4554,4560
608,4216
3534,6664
2414,5720
6568,6573
395,4002
2269,5508
4558,4548
5140,5198
295,3924
3746,3747
2072,5367
4674,4673
2415,5668
2716,5698
1046,4559
1260,4377
468,4063
2681,5904
6282,6277
3626,6732
6404,6451
3926,3925
2060,5406
3218,6414
640,4237
2786,6522
2040,5332
2090,5379
4036,4034
3375,6550
3009,6226
5823,5571
3809,3792
3734,3727
5271,5270
1476,4878
3773,3762
4425,4424
4597,4591
1158,6001
2534,5782
4133,4202
3956,3957
5524,5509
588,4177
844,4403
2369,5621
703,4287
520,4163
1482,4098
1011,4525
6629,6624
3603,6731
2505,5740
4045,4040
1250,4738
2968,6198
3913,3964
6155,6154
6714,6715
2870,6095
3177,6391
6160,6161
1361,4822
850,4407
4570,4568
1648,4759
3485,6636
352,3758
1628,4970
290,3725
587,4374
4260,4258
6652,6649
1248,4727
2755,5968
1556,4930
3590,6716
5291,5288
4185,6612
2996,6225
6280,6274
2246,5492
5123,5165
5023,5024
1721,5059
3125,6346
2826,6067
1917,5283
4972,6001
230,3885
3426,6586
410,4015
810,6001
2769,6522
5566,5655
5079,5062
1702,5041
6441,5997
4584,6613
1142,4635
5563,5560
959,4501
1395,4847
6499,6493
4800,5324
5883,5884
1052,4566
197,3844
5878,5877
1802,5142
2579,5893
4044,4046
5881,5878
4404,6001
3030,6240
2735,5954
869,4423
2598,5837
2368,5623
1140,4643
3453,6616
2663,3717
2037,5334
4640,4698
6074,6064
4129,4139
6221,6515
3589,6721
227,3881
2035,5334
2991,6213
1922,5283
5009,5010
4583,4580
2373,5624
1339,4802
412,4017
3792,3787
6616,6619
3176,6393
4430,4429
3939,5997
4821,4820
6381,6378
3344,6519
4130,4645
4619,4618
1607,4961
2538,5842
4149,4445
4528,4524
6745,6755
3560,6701
5807,5804
134,3806
1871,5213
2789,6018
509,4117
4856,4902
5950,3717
3563,5976
4927,4098
5977,6182
2450,5700
3010,6211
4928,4932
622,4224
5528,5523
5472,4098
196,3863
648,4241
323,4024
5708,5709
2763,5983
4758,4757
849,4407
171,3837
3914,3913
5199,5197
4357,4334
4290,4286
2114,5391
3216,6414
3302,6481
2756,5531
5697,5698
2999,6223
2966,6198
6296,6295
6312,6509
3241,6440
3580,6714
3606,6729
6070,6061
1994,5291
2245,5492
3027,6253
4553,4554
1094,4593
3982,3977
2570,5816
5941,5699
1630,4971
4713,4717
3088,6307
3600,6429
6259,6260
1207,4708
5780,5777
3374,6552
2512,5751
6186,6522
6276,6273
5456,5439
480,4065
836,6001
846,4406
4770,4772
6016,6648
5770,5764
3185,6403
2389,5642
4526,4527
2420,5668
353,3986
1159,6001
4709,4711
3379,6553
1660,4991
1548,4922
685,4267
1834,5178
3209,6418
2404,5656
1280,4094
4962,6001
272,4606
901,4459
726,4305
2057,5405
1325,4771
1835,5180
2157,5415
4461,4442
6567,6568
2752,5960
3762,4554
2557,5803
6421,6407
4378,4374
4320,4324
8,3815
4634,4633
3063,6274
3604,6736
2425,5683
5763,5747
5285,4098
3403,6645
590,4182
2535,5842
2622,5862
5954,5940
1461,6143
3337,6528
6530,6520
1937,5258
5523,5525
3389,4611
178,3857
1424,4856
1359,4821
6678,6680
5797,5776
1951,5267
2596,5839
3742,3743
6755,6757
3561,5976
1492,4895
3061,6275
1720,5046
1591,5094
6612,6615
6668,6669
1706,4849
4127,4130
3695,3694
773,4088
1704,5042
1449,4852
3317,6492
2484,6249
1259,4735
5659,5661
4618,4613
1066,4575
3687,3688
4030,4029
5961,5962
190,3863
4500,5028
1980,5280
2017,5310
1684,5016
3121,6337
2695,5922
5595,5594
1966,5924
2967,6199
870,4423
963,4501
6219,6273
3680,3780
83,3753
2715,5596
2803,6041
3499,6652
3555,6700
5150,5146
3675,3670
992,4514
1640,4978
809,6001
2504,5740
5657,3717
2804,6025
4849,4832
781,4369
5444,5447
3567,6705
452,4112
4448,4445
1569,4943
6309,6308
1906,5237
6180,6205
4672,4669
4370,4367
6466,6467
5383,5382
5646,5647
4478,4473
3017,6242
2495,5732
4001,3999
5484,3713
4242,4185
4017,4018
2702,5929
5978,5976
2578,5821
3442,6582
4327,4088
3229,6433
3703,3700
5561,5559
3266,6490
4785,6001
5350,5450
5699,4098
4826,4879
5252,5250
5100,5092
907,4459
1926,5248
6477,6497
4982,4981
5851,5848
4912,4917
4771,4804
1204,4693
3836,3832
3781,3782
102,3771
6728,6749
5539,5535
456,4057
6273,6272
6513,6568
6308,6395
3175,6394
232,3878
1027,4543
3293,6476
2721,5944
3111,6332
1202,4679
2814,6049
2795,6033
5845,5840
736,4310
364,3982
1584,5018
494,4080
2568,5816
2712,5930
4515,4504
6649,5993
5719,5724
6463,6488
1627,4970
260,3902
6263,6259
6338,6339
3766,3769
1665,5077
2351,5611
33,3676
5069,5049
3602,6427
5777,5775
725,4303
4801,4798
269,3901
4158,4150
3039,6261
6323,6324
766,4350
2387,5642
2998,6222
1498,4098
571,4374
5423,5421
6359,6358
2521,5765
1223,4713
1615,4964
38,3673
6111,6113
835,6001
3497,5999
1659,4991
2497,5742
2791,6018
4376,4378
4626,4623
4772,4790
12,3735
2158,5415
2352,5610
5179,5176
3160,6380
668,4256
3722,3725
1474,4874
5348,5347
5007,5005
1731,5070
2390,5645
3942,3939
432,4015
4080,4077
1896,5228
5401,5391
2659,5900
5019,5010
11,3731
4454,4461
4559,4529
4961,4958
2021,5314
3533,6665
4921,4098
5537,5539
2377,5702
4728,4722
4979,4982
2139,5419
6091,6522
4271,4187
6416,6410
2263,5504
5421,5426
6528,6529
1407,5525
4069,4062
2729,3717
2599,5841
1001,4521
845,4406
4282,4289
3897,3898
404,4006
4932,4931
594,4192
2335,5664
141,3808
5355,5145
5329,5328
1909,5238
5473,3714
292,3921
85,3754
6694,6692
3429,6588
6253,6245
5610,5607
6364,6098
4122,4119
2192,5440
4026,4024
5943,5940
3598,6727
1341,5324
4184,4646
5278,5286
5103,5105
5275,5276
4463,4461
4959,4958
3510,6661
6015,6032
2672,5902
151,4236
2817,6125
143,3813
5228,5233
3283,6466
778,4363
994,4514
6546,3939
2451,5700
1150,6001
2540,5797
6448,6450
523,4129
3743,3744
5707,5708
6216,6210
2989,6216
1049,4566
4895,4888
5764,5763
508,4117
626,4230
4978,4977
3145,6359
1756,4753
3016,6239
1639,4978
2181,5448
4040,6645
2099,5382
3556,6700
2421,5683
5253,4098
6660,4102
3491,6641
4669,4741
2838,6073
127,3796
6335,6097
4499,4532
5070,5068
2485,6249
872,4425
4034,4035
1459,6143
1234,4728
2406,5666
5644,5632
586,4374
4192,4182
3727,3726
6721,6719
697,4282
4871,4890
5077,5058
2313,5566
4631,4634
2089,5379
5238,5878
72,3747
2785,6002
2657,5900
6013,6512
3537,6678
2142,5428
3280,4093
2005,5300
2283,5744
289,3921
5647,6231
5280,5278
5594,5665
5353,5352
6762,6747
6565,6560
6664,6665
5922,5919
4024,4030
851,4407
5124,5123
2730,3717
4705,4690
5584,5589
3698,3695
142,3812
1103,4604
1685,5009
6198,6200
3303,6480
2121,5401
4753,4754
5748,5747
4043,4045
3543,6691
6264,6263
623,4224
2052,5336
2828,6067
5879,3711
3273,6463
1493,4098
5232,4098
2995,6224
2075,5357
4798,4799
5686,5674
4931,4938
98,3770
3627,6732
2223,5485
6476,6497
4409,4452
1064,4575
40,3671
4216,4186
4913,4097
1737,5050
3136,6357
3870,3943
5775,5774
3189,6400
1092,4595
4408,4405
1953,5267
6324,6325
5239,5878
1016,4525
5005,5035
3067,6282
3131,6352
5162,5200
1356,4817
2498,5742
3478,6632
4063,4049
3212,6418
1895,5230
3790,3791
591,4198
6337,6338
5803,5802
3991,4042
5465,5466
3740,4563
2354,5611
1185,4741
3424,6649
3723,3722
4881,4877
842,4402
3544,6691
2830,6070
2993,6217
6730,6563
1122,4624
3333,6513
4479,4556
518,4123
1288,4758
4057,4050
2895,6112
6632,6622
543,4134
4711,4699
2827,6062
985,4502
2978,6195
2372,5625
1870,5215
5828,5825
2116,5391
1499,4098
5391,5451
1320,4781
6461,6459
5455,5457
3726,3729
5187,5183
5535,5536
1799,5138
136,3806
4224,4225
1997,5291
5230,5228
5822,5518
1438,4854
5781,5780
5700,5696
988,4515
99,3770
5606,5603
5422,5427
4047,4043
1651,4785
1097,4598
4286,4288
6443,6442
1695,5025
1327,5525
3599,6728
4981,5036
6684,6685
1364,4823
6440,6442
2186,5440
2840,6074
4046,4041
2445,5694
964,4508
6171,6159
489,4086
2837,6071
6041,6040
5245,5286
6154,6157
6277,6260
1138,4644
1893,5227
2673,5902
4247,4309
2454,5694
4980,4979
3419,6581
808,6001
4639,4678
1149,6001
5947,5946
2397,5646
2805,6028
2039,5333
4761,4794
2038,5335
6467,6468
3955,3956
4670,4666
3732,3728
675,4257
5884,5882
4667,4672
6674,5997
4802,4798
2766,6522
961,4501
3456,6616
2172,5440
5787,5786
1819,5164
679,4366
657,4187
4230,4225
2370,5623
898,4446
3081,6296
1946,5258
4322,4320
417,3668
5526,5524
5279,5281
5701,5703
2619,5862
2325,5581
4064,4059
4287,4264
5900,5699
2515,5767
3688,3689
310,3938
5328,5327
4227,4219
5400,5399
1541,4919
1262,4730
3941,3942
101,3773
2616,5861
1483,4098
4191,4183
3843,3852
2288,5537
2232,5488
4892,4884
2834,6075
3383,4611
5050,5044
2935,6681
4733,4721
4952,4951
1736,5050
5310,5309
5120,5105
5677,3922
6742,6734
3427,6586
6727,6726
1233,4723
6673,6668
1707,5042
6437,6436
2461,5710
4132,4127
777,4088
3966,3967
1397,4845
3871,3876
1336,5324
5011,5001
3148,6369
6254,6009
2658,5901
4091,4093
2045,5336
1561,4930
351,3758
4585,4584
1512,4897
5459,5456
2306,5564
5530,5529
422,4028
274,3914
5698,5699
3188,6455
6278,6276
3524,6667
6741,6733
1491,4098
2061,5355
2224,5485
3923,4035
2204,5466
1738,5072
1095,4592
1009,4526
483,4079
463,4050
6272,6014
649,4241
6135,6136
3183,6403
5958,5704
1580,4946
253,4606
3548,6690
5806,5807
4406,4451
3294,6497
1471,4881
6352,6353
605,4188
3482,6632
6001,5999
3906,3904
4646,4647
6284,6290
5672,5725
5340,5525
1414,4910
1187,4683
2867,6096
6093,6092
873,4425
1629,4971
3206,6412
6184,6185
3073,6280
1039,4559
3156,6381
4569,4675
6018,6031
1251,4740
6334,6335
4917,4915
2977,6201
1701,5031
6744,6745
1532,4916
1160,4657
206,4007
6113,6522
4742,4746
6245,6237
6614,6587
4329,4339
4866,4872
6537,6538
6452,6450
4495,4482
3044,6257
5046,5044
6663,6664
5731,5729
5867,5868
3135,6357
941,4557
2220,5472
4258,6645
195,3858
672,4253
6519,6520
5132,5203
499,5979
2760,5975
708,4298
1303,4768
2100,5381
3452,6582
3047,6264
1019,4536
5732,6248
4887,4889
955,4473
6644,6631
4217,4215
6564,6558
5660,5658
121,4258
5367,5131
4964,6001
4029,4032
54,3691
5735,6247
4473,4534
4325,4331
2405,5659
956,4494
4333,4327
3508,6661
5798,5799
5960,5961
3841,3823
4739,4746
2816,6125
4695,4678
624,4230
1102,4604
2320,5562
6666,6659
6051,6050
2762,6084
4339,4089
917,4463
627,4227
787,4371
811,6001
5765,5764
4904,4906
4543,4530
4566,4677
5885,5522
4919,4098
2177,5441
1179,4743
2606,5851
2668,5699
4388,4384
3693,3692
3162,6382
4330,4338
3368,3901
1526,4912
3358,6546
1568,4944
629,4229
1028,4541
5403,5451
2703,5929
3974,3977
2604,5849
5930,5932
3428,6590
2171,5446
348,3972
4113,4109
1972,5271
2098,5384
4692,4696
886,5653
5628,5702
1982,5280
1877,5256
3425,5992
5114,4932
293,3725
2182,5448
3250,6447
3535,6682
5021,5019
3673,3671
3735,3734
82,3752
559,4159
1272,4097
2553,5780
5116,5117
237,3893
5001,5000
1477,4878
912,4453
524,4203
6139,6135
3040,6262
1069,6599
1130,4631
2482,6249
2892,6110
916,4462
1719,5045
4272,4271
1703,5043
2605,5847
1618,4991
1203,4702
4182,4188
6346,6350
1221,4468
4606,4605
2921,6138
5685,5682
4121,4122
3546,6694
1026,4542
5476,5478
533,4137
1948,5259
3134,6352
4033,5997
3251,6449
4498,4496
3986,3758
2690,5915
340,3957
3396,6645
1664,5077
606,4216
96,3766
2626,5863
3289,6497
3971,3970
3872,3869
35,3674
1567,4941
3100,6322
3902,6645
6613,6612
2137,5423
3857,3852
5612,5604
5510,5509
6059,6048
1253,4736
4006,6645
2687,5910
3782,3779
5615,5607
39,3679
1667,5008
1388,4840
3297,6486
5630,3720
564,4169
2946,6174
3684,3670
5251,5253
2416,5719
2632,5908
3725,3724
5234,5233
4910,6143
3921,4034
5320,5318
466,4063
5347,5345
5250,5287
1462,6143
4645,4448
1924,5247
3932,3926
4117,4118
4243,4244
5744,5743
2131,5408
4590,4589
6417,6411
1790,5140
3657,3654
1993,5346
2349,5606
229,3880
858,4408
5534,5730
5289,5343
4211,4190
1167,6001
6646,6647
6456,6455
5608,5663
954,4477
2243,5231
4783,4778
3495,6643
990,4518
1747,5079
2556,5801
5449,5451
6265,6310
865,4419
3591,6716
1007,5094
4395,6001
5565,5554
3394,6554
2904,6122
4658,4651
5415,5417
402,4006
1608,4961
1004,4523
6438,6423
5752,5753
2694,5905
1786,5128
2629,5865
6515,6516
829,4398
2301,5555
4082,4081
64,3804
4,3651
1433,4871
3815,5997
5315,5313
4676,4450
3745,3740
2597,5841
2732,3717
5193,5192
5956,5957
1467,6143
2600,5843
1709,5041
925,4472
5032,5030
6384,6383
5694,3719
1249,4738
3314,6499
584,4177
4720,4725
5982,5977
380,3987
1863,5205
2101,5389
3610,6735
1104,6001
5899,3716
5314,5311
1936,5252
5645,5633
5405,5450
2276,5510
832,4399
2321,5563
5010,5005
2305,5558
4076,4068
5676,5680
3810,3815
6131,6126
3586,6719
2942,6162
1817,5167
4015,4009
3816,3827
6218,6213
788,4368
3557,6697
3349,6531
5051,5100
1157,4655
1344,4803
4334,4328
3097,6319
5850,5840
6363,6364
4916,4914
5742,5741
2602,5844
1180,4670
3369,6550
3146,6367
242,3897
3978,3979
1875,5221
2462,5711
498,4136
1583,5094
3012,6226
3193,6404
5196,5191
6077,6063
5437,6144
2542,5788
3350,6535
2815,6051
4502,4500
2213,5473
2686,5918
155,4239
3624,6563
5817,5809
2435,5674
5709,6336
488,4085
3123,6345
2073,5366
1981,5277
2240,5490
1558,4937
1235,4729
5015,5014
3323,6501
250,3890
692,4286
3582,5976
1691,5020
344,3967
3311,3915
762,4345
1952,5264
1404,4848
2138,5422
4289,4187
1208,4704
4256,4254
2119,5400
5198,5199
1859,5239
6207,6205
1292,4760
6420,6421
6379,6038
3954,3948
3789,3818
4464,5032
2887,6197
5894,5891
4181,4187
3929,3923
5665,5662
3312,3947
3332,6645
2417,5721
3334,6645
18,3727
5302,5301
1444,4873
4776,4770
5155,5146
4914,6143
1536,4098
5588,5571
3381,6545
4324,4067
3104,6323
2401,5656
3115,6342
5071,5034
2279,5530
1206,4709
2522,5770
6760,6764
4989,4988
1352,4816
3211,6420
3577,6711
1727,5070
542,4202
909,4457
6103,6102
3070,6283
2997,6227
6495,6491
6096,6148
3476,6630
4854,4851
5804,5805
6244,6240
604,4207
6023,6016
137,3807
1955,5261
3282,4093
4143,4130
1448,4851
5108,5099
6705,6707
3378,6645
4241,4240
2432,3724
5229,5231
1677,5003
5216,5214
3271,6464
5749,5805
506,4116
5075,5085
1995,5290
5886,5882
3406,6645
5243,5242
1125,4706
1215,4710
6226,6220
3094,6301
5429,5433
2347,5605
3655,3653
169,3837
5376,5374
4620,4619
2135,5412
5260,5256
984,5653
2581,5826
3601,6729
4580,4578
4757,4785
6631,6737
5016,5009
361,3974
5127,5131
6190,6186
311,4033
2688,5906
2692,5919
3306,6483
3274,4093
5255,5254
705,4290
817,4391
2647,5883
2722,5947
5312,5308
2945,6169
5386,5385
6488,4093
5164,5166
4446,4437
6127,6128
435,4037
2901,6120
866,4420
3455,6605
1757,4754
5527,5528
3026,6244
4423,4422
1116,4620
1465,6143
4048,4044
6593,6595
392,3990
1070,4580
3944,3932
2013,5304
1943,5250
2067,5360
5870,3712
1086,4626
191,3867
2180,5442
1771,5102
5815,5814
5627,5629
3082,6297
1342,4802
929,4475
3465,6609
4154,4143
2992,6218
4358,4359
2671,5895
2429,5679
5557,5556
6756,6750
5052,5037
2969,6196
4128,4133
5008,5006
2918,6139
3892,3896
4935,4929
3007,6214
2751,5966
3702,3701
2573,5894
1458,4864
3677,3663
5968,5531
1218,4465
1879,5260
4941,4942
1800,5144
1503,4098
1804,5151
5825,5823
3957,3950
723,4291
3765,3763
347,3971
2218,5469
6704,6702
5388,5390
1968,5269
4020,4019
5721,5723
3105,6326
6199,6185
3922,3724
495,4078
6392,6376
5098,5093
610,4185
5990,6083
4819,4806
6697,6698
1332,4795
1010,4528
791,4372
1241,4737
561,4155
1082,4692
3539,6709
4280,4278
1053,4570
2437,5687
4702,4694
768,4336
2802,6039
6549,6553
6388,6395
1123,4626
707,4285
4400,6001
4267,4269
73,3746
6110,6109
6418,6419
3925,3927
4170,4168
485,4125
1511,4900
5673,5722
3641,6748
4180,4648
5256,4098
6609,6601
1415,4857
1387,4840
1301,4825
6260,6023
3565,5976
5762,5750
5587,5583
2384,5641
2268,5507
4560,4562
5181,5174
883,4512
2350,5609
3672,3779
2468,5712
4321,4090
4307,4304
1323,4771
5458,5437
4108,4111
3417,5992
4833,4832
2222,5484
5776,5778
2074,5367
170,3836
4527,5088
1229,4718
6573,6574
34,3684
182,3839
5178,5176
2167,5417
396,4004
1578,5094
1263,4377
1925,5251
2683,5903
63,3707
4237,4238
2559,5802
4804,6001
3686,5981
2607,5847
688,4273
58,3693
2638,5873
3989,3997
5481,5483
1785,5122
5040,5109
165,3830
3753,3740
2025,5312
2676,5699
721,4295
5771,5763
2256,5497
4829,4827
1307,4794
3713,3702
6434,6430
5613,5615
6048,6153
5441,5433
209,4007
3946,3947
4093,5976
600,4214
784,4360
6367,6398
6348,6344
5426,6066
5918,5912
5558,5551
4712,4717
3616,6431
4863,6143
4621,4618
6237,6272
6292,6291
1687,5021
3536,6682
1585,5094
6241,6236
2239,5491
4735,4724
4490,4489
3326,6498
911,4459
6526,6511
1405,4848
6344,6339
3493,6642
2937,6166
2920,6138
6592,6594
511,4121
4361,4362
2457,5705
3987,3988
6562,6566
1989,5348
6469,6559
5593,5575
2601,5843
5790,5778
6412,6407
267,3905
4943,5084
1742,5076
2430,5676
2251,5496
3180,6399
3752,3751
3196,6406
1828,5173
172,3841
4114,4163
6736,6417
4629,4627
6498,6494
1286,4756
6447,6529
3255,6448
6642,6639
5169,5168
477,4071
1020,4544
6510,6511
3434,6597
3025,6243
1746,5081
3278,4093
5891,5522
745,4337
1506,4098
3470,6683
3676,3674
1724,5060
2922,6142
2129,5451
1031,4537
4338,4088
628,4229
2943,6162
6431,6432
3553,6699
6382,6385
3635,6754
4945,4946
3110,6329
3220,6416
4416,4405
5799,5653
5004,5003
4523,4521
1239,4733
4915,4911
4780,4774
975,4506
2963,6190
1135,4628
4874,4877
1457,4863
910,4459
6049,6125
4902,4904
3354,6548
833,6001
6187,6189
1276,4750
2820,6054
652,4187
2248,5231
284,3920
6225,6221
749,4329
2741,5953
2514,5762
5433,5432
4081,4088
2902,6107
145,3805
1152,6001
4261,4262
645,4233
2341,5595
3226,6437
4102,4101
2004,5296
3813,3812
356,3758
5525,6645
1128,4632
6333,6334
6020,6023
5284,5287
287,3919
1423,4909
1763,5086
3566,5976
2624,5866
6143,6611
4878,4933
1789,5130
6299,6000
1947,5259
6158,6161
2869,6095
6473,6471
5692,5690
6607,6601
2691,5913
6698,6685
1269,4866
4612,4611
5000,5002
5939,5940
3290,6475
3778,3786
166,3829
6603,6613
4434,4503
6380,6378
2383,5641
6375,6024
592,4184
1833,5175
2633,5908
4787,4786
44,3666
4022,4011
4169,4168
1416,4860
2130,5408
4160,4161
2533,5779
1733,5059
4873,4908
1546,4923
6306,6300
3707,3708
5345,5343
1454,6143
259,3911
5319,5320
2188,5460
77,3749
2310,5565
400,4005
1653,4785
2088,5380
1050,4565
3905,6645
5722,3894
5767,5766
3846,3843
6514,6573
4784,4782
2748,5966
682,4270
2265,5513
300,3931
2107,5396
730,4321
1574,4946
2528,5773
2174,5446
464,4060
4805,4804
1599,4977
2990,6215
1216,4703
4038,4044
719,4307
2250,5495
5144,5142
1625,4969
3179,6389
4218,6612
4402,4401
3054,6268
1439,4867
5299,5298
6116,6109
828,4397
1291,4760
5785,5784
643,4218
933,4479
2564,5811
5119,5120
5981,5979
6045,6027
2726,5948
3876,3944
154,3816
2953,6179
4246,4247
1798,5138
4689,4687
3775,4560
3459,6617
1918,5246
4051,4108
6147,6145
5378,5368
1362,4823
694,4287
4099,4096
5184,5182
2842,6076
2799,6040
4795,5324
6717,6718
193,3861
5191,5182
5929,5931
899,4435
2273,5524
4009,4011
3364,6645
2541,5787
2609,5855
394,4001
3461,6609
6355,6356
5244,5285
5254,5257
5703,5704
3814,3786
1749,5078
1311,4783
3583,6468
130,3797
5358,5525
1638,4972
6311,6308
4504,4505
4245,4248
6353,6347
6092,6094
1326,4771
1676,5004
3382,6557
853,4409
5495,5496
6371,6366
6634,6631
6571,6572
4468,4465
1472,4881
5507,5511
4727,4722
4210,4209
4563,4564
443,4048
2284,5743
2008,5305
6217,6209
864,4419
1051,4565
6165,6159
4973,4972
3818,3819
5395,3704
4151,4148
3650,3736
1873,5216
2710,5657
5774,5546
321,3954
507,4115
2118,5402
3045,6264
2324,5576
5370,5358
2242,5493
6723,6717
5134,5132
1056,4568
5427,5424
4617,4614
328,3958
527,4128
1959,5927
4666,4376
6232,6221
3729,3723
3517,6670
4768,4767
4483,4529
3420,6579
2330,5582
4706,4699
1275,4749
5369,5368
6067,6061
3447,6607
822,4394
2529,5772
6196,6197
1808,5155
4392,6001
5842,5653
6533,6531
3576,6710
1042,4551
5339,5338
1545,4921
760,4343
5352,5351
5898,5699
647,4289
6378,6027
5042,5117
4405,4404
139,3809
3068,6284
2033,5326
2287,5538
3295,6497
5440,4098
557,4165
5999,5997
6551,6558
4548,4982
3217,6421
4610,4615
5273,4098
1166,6001
5467,5468
4816,4807
4110,4107
2949,6173
13,3737
2487,6252
2187,5460
6645,5997
3000,6227
764,4344
4264,4265
1838,5181
3035,6256
4101,4104
2081,5371
3083,6298
2015,5302
540,4145
4778,4780
2102,5394
3930,3928
4487,4552
734,4313
4262,4259
1831,5175
1285,4786
5402,5451
4470,4468
4547,4533
2818,6054
2231,5486
1971,5271
630,4228
3777,3814
3607,6731
413,3683
2537,5782
1261,4742
3074,6275
650,4187
5512,5503
3235,6469
2428,5684
3398,6645
2776,6088
1068,4572
1151,6001
6201,6202
6585,6582
258,3910
1139,4637
3091,6305
5710,5711
2907,6119
1699,5115
5688,5690
2095,5464
5125,5124
1182,4671
3839,3838
852,4409
991,5653
4632,4699
3597,6726
3845,3854
1850,5193
5274,5275
3149,6370
2740,5953
802,6001
1592,3699
1587,5094
6157,6156
4375,3686
2800,6035
4840,5525
2926,6147
4050,4049
148,3813
5078,5065
4521,3695
2544,5797
5975,5969
4845,4842
2719,5950
2333,5585
4579,4577
879,5653
1442,4870
5288,5525
239,3893
816,4390
1723,5060
786,4350
3943,3941
2774,6522
5471,5474
5174,5210
1770,5101
5674,5675
2613,5855
3881,3883
2148,5990
2316,5655
2843,6073
1315,4778
2065,5363
799,4388
793,4386
528,4204
1847,5188
1820,5164
1920,5281
2810,6124
1823,5168
678,4366
6391,6383
6535,6537
4905,4914
2928,6149
6681,6666
5387,5386
4723,4721
6422,6419
5073,4938
3900,4600
3335,6513
3730,3732
4275,4364
382,3989
3165,6377
1784,5122
4756,4789
6168,6170
1827,5170
2914,6133
6581,6583
4383,4385
1047,4543
5497,5504
2639,5873
1294,4761
1901,5235
3041,6261
2547,5793
221,3877
1730,5064
5578,5575
1380,4879
6056,6152
5294,5299
3754,3753
5783,5858
213,3875
3438,6593
5205,5752
4079,4125
5091,4928
5283,5279
1942,5253
6235,6212
2852,6085
492,4086
6594,6580
160,3826
3254,6449
934,4479
5380,5373
4853,4906
3494,6641
2586,5828
4212,4217
5569,5547
2936,6166
2621,5928
6229,6293
4539,4979
945,4488
30,3672
341,3956
3629,6742
4107,4106
140,3808
1645,4987
943,4497
4347,4328
5864,5577
827,4397
5582,5583
4268,4362
388,3996
5802,5775
4351,4335
4648,4649
3397,4611
4799,4796
5213,5214
6541,4611
4682,4680
618,4226
5466,5467
5729,6650
4112,4109
2982,6201
555,4157
6072,6069
4557,4550
547,4146
3469,6761
318,3953
1876,5256
3992,4046
3407,6569
398,4005
186,3855
2861,6086
2685,5914
5371,5369
6516,5997
4265,4277
3181,6402
5482,5480
3168,6386
1844,5185
6108,6107
1036,4561
1347,4810
5129,5127
6522,6512
3222,6437
2617,5857
1290,4757
4092,4091
2407,5666
308,3940
3078,6294
5300,5297
4501,5653
1375,4830
1725,5071
2771,6522
6589,6591
5309,5378
6572,6570
4368,4351
1072,4576
1552,4925
4148,4149
2117,5398
6204,6207
834,6001
3231,6425
2329,5579
363,3982
1113,4617
150,6612
3413,6651
3371,6645
6732,6733
4862,4902
3022,6241
157,3823
3244,6443
2355,5614
3031,6317
5882,5592
4721,4726
275,3914
6685,4106
4956,4955
2862,6522
5942,5658
4773,4771
3014,6235
5457,4098
644,4233
5865,5864
3659,3656
1563,5083
5546,6007
4537,4545
1062,4640
2214,5470
4810,4796
3817,3827
653,4187
3144,6359
3285,6565
3670,3657
4488,5799
6316,6310
1059,4640
26,3667
2380,5631
1670,5012
2832,6075
1432,4870
4781,4773
6757,6752
529,4210
4475,4474
2723,5950
3139,6104
4058,4111
913,4469
752,4337
4296,4359
4042,4036
2923,6142
1335,4801
6177,6178
3204,6409
2476,5728
3960,3961
819,4392
6179,6180
4365,4361
2175,5430
2543,5786
2303,5561
6214,6208
1088,4590
50,3780
3240,6440
1371,4882
2262,5586
2777,6522
2494,5732
4474,4482
4655,4656
1887,5226
5483,4098
658,4187
1547,4923
1836,5179
6591,6595
2980,6204
2536,5779
551,4156
4288,4358
6178,6182
2736,5940
639,4218
1118,4621
3863,3858
924,4476
4453,4454
5880,5879
2426,5684
1842,5185
4746,4411
3412,6646
1038,4561
503,4113
3238,6470
6119,6108
486,4087
3227,6428
6100,6101
574,4170
5166,5162
1606,4959
3658,3659
1601,4956
2841,6076
977,5653
5848,5838
2796,6046
2860,6522
2093,5459
6236,6238
5690,5691
1422,4856
5394,5390
5857,5853
5045,5054
2911,6130
3361,6541
3615,6432
1977,5273
1855,5195
6082,6177
3207,6414
369,3984
1177,4663
5292,5288
4167,4217
5502,5501
2822,6059
3826,3828
2932,6160
5603,5604
4651,4648
3327,6539
1986,5273
3964,3963
4954,4977
4257,4366
4377,4376
6261,6257
4445,5997
6078,6522
771,4357
6474,6473
5453,5459
2917,6137
940,4497
1014,4526
2217,5877
5344,5346
1219,4713
6305,6306
5573,5567
164,3829
3771,3766
2027,5317
6021,6031
3909,3894
4550,4552
4786,4785
1437,4853
1658,4994
877,4427
545,4146
1663,4998
3682,3655
111,3778
5200,5815
3928,3933
731,4322
2929,6149
5089,5090
3953,3952
4354,4332
385,3992
3446,6614
5480,5477
5671,5672
6569,6567
972,5799
6583,6578
805,6001
92,4487
3462,6602
4442,4443
5712,5713
1181,4666
4841,5525
525,4140
1231,4728
1654,4992
4898,4900
4929,4928
240,3891
526,4134
3024,6251
3931,4033
965,4502
2971,6194
6559,6555
2141,5422
1983,5282
442,4039
595,4199
3849,3847
1919,5246
484,4078
3758,3759
763,4345
2311,5566
2700,5923
3013,6208
3343,6534
3106,6326
3388,6645
6394,6391
161,4238
5061,5047
5944,5949
343,3968
695,4290
3307,6482
6039,6038
4312,4323
3579,6714
3885,3886
3518,6676
1963,5911
5334,5333
1758,4753
5450,6143
4792,6645
3410,6645
804,6001
3355,6540
2210,5471
2010,5307
1391,4839
407,4012
4520,4519
108,3777
1818,5167
2979,6203
2569,5817
6689,6684
3454,6620
2965,6199
4250,4251
2646,5883
1969,5269
3819,3815
3793,3798
871,4422
3264,6458
5379,5378
4096,4095
2988,6218
3568,6705
4722,4720
5980,5982
5360,5361
4018,4014
1073,4583
6269,6270
3896,3887
2216,5474
1748,5066
3163,6384
4367,4352
4178,4585
2808,6044
3092,6309
3075,6042
6071,6522
4803,4799
1537,4918
3347,6536
303,3936
4661,4664
1883,5223
779,4370
5133,5199
5396,5393
14,3733
5826,5825
2144,5416
5039,4931
301,3934
5925,5921
2718,5943
4578,4680
454,4052
3137,6360
1328,5325
3473,6623
200,3831
569,4374
5903,5906
2291,5541
3132,6354
4652,4653
1750,5079
1096,4592
436,4011
980,4517
2913,6134
1358,4822
6575,6577
1504,4896
1192,4661
6087,6090
6395,6026
6249,6248
6435,5997
4401,4467
4708,4691
5041,5043
6109,6114
821,4394
5262,5263
1005,5094
5012,5002
6011,5982
4737,4720
1443,4871
3501,6652
1908,5238
3060,6280
3233,6422
4852,4891
21,3781
6445,6442
4147,4127
3199,6570
3915,3946
1299,4762
6761,6758
490,4126
1772,5112
5717,5718
2666,5896
2077,5357
1898,5234
5159,5163
4305,4304
3046,6265
4575,4573
6325,6355
1656,4993
4379,4382
2353,5609
3761,3757
4608,4658
2189,5461
4126,4160
4836,4833
4346,4187
3329,6504
2388,5643
3575,6710
6558,6556
177,3838
1832,5178
493,4084
5197,5523
1468,4875
2155,5414
3301,6486
2650,5889
5969,5550
2531,5772
1642,4986
2875,6093
4223,4222
1735,5067
3500,5999
118,3860
4344,4342
266,4599
642,4237
2558,5803
4393,4392
439,3652
4345,4790
4356,4784
3623,6563
1456,4864
2876,6154
6640,6637
2849,6080
1271,4097
5014,5018
2910,6131
2947,6174
4643,4700
5099,5098
3651,3650
6711,6712
4429,4437
6480,6481
6626,6623
6231,6232
3509,6674
5448,4098
4860,4855
112,3786
2439,5689
3247,6442
4062,4058
4506,4491
5723,5725
1485,4098
2574,5818
5392,5393
1807,5149
4278,4272
2811,6049
346,3971
1126,4631
5208,5207
2567,5812
2296,5542
4503,3696
2255,5496
1954,5263
3257,6441
208,3876
324,4030
1357,4813
1067,6599
2071,5365
5297,5299
1330,4791
1688,5020
2332,5586
1057,4567
1554,4924
1867,5208
9,3650
4373,4375
2336,5595
3617,6434
2696,5905
2881,6156
478,4072
1681,5074
5382,5386
1745,5076
2864,6081
6659,6660
6566,6565
4930,4098
4577,6603
1030,4535
5149,5152
6239,6237
224,3877
5080,5085
4360,4346
3737,3733
2576,5820
3248,6528
6128,6129
78,3752
5972,5549
5957,5941
6107,6151
6747,6751
554,4154
6321,6355
6453,6456
4699,4695
2908,6130
1902,5236
895,4429
4399,6001
3795,3796
1624,4990
4877,4934
2376,5627
5794,5781
5683,5677
2677,5699
3979,3980
5521,5519
1904,5237
6483,6479
3096,6320
4244,4366
6433,6431
1560,4098
5622,5602
1165,4659
6318,6319
4701,4703
4152,4143
1764,5104
358,3974
3300,6478
32,3680
4179,4171
714,4281
1814,5151
4369,4348
744,4338
86,3755
5889,5886
5634,5635
6749,5999
2198,5457
2431,3724
5240,5242
5374,5373
4937,4098
6022,6019
5301,5298
4067,4110
4633,4705
2308,5560
1740,5075
350,3973
646,4231
3496,6643
2793,6022
2775,5991
6188,6190
1446,4868
4206,4205
3541,6688
3888,3887
1244,4731
329,3961
927,4529
765,4790
5935,5657
5715,5718
1000,5094
4222,4221
167,3830
4028,4014
5693,5696
4471,4466
3399,6564
225,3884
6670,6671
5,3649
1384,4835
285,3919
5786,5785
331,4031
6520,6507
5286,5284
4990,6001
335,4013
3850,3839
5397,5391
4681,4660
2166,5420
238,3890
6374,6375
4673,4677
5223,5224
420,4028
1355,4816
2205,5465
1058,4571
4161,4158
5916,5914
1478,4098
1907,5239
4061,4194
5654,5655
4441,4439
3152,6372
5529,5515
2434,5686
4187,4185
5937,5939
17,3734
5434,5476
2951,6175
5531,5529
722,4302
5664,5665
3102,6323
6734,6563
4485,4488
1923,5248
3520,6673
6185,6189
3523,6663
294,3924
3492,5999
5639,5703
6283,6284
4274,4276
3190,6455
5003,5007
1778,5111
885,4511
2524,5771
6058,6053
1043,4549
4745,4734
6009,6007
1037,4559
3573,6709
3477,6630
2871,6103
1428,4909
2219,5469
3064,6279
2053,5406
1338,5324
4194,4191
2185,5448
2327,5581
2374,5628
3967,3968
3107,6329
128,3794
2919,6139
2173,5445
1779,5110
4828,4936
4953,4952
3825,3820
1666,5008
4228,4227
6765,6740
4793,4794
3003,6288
3515,5997
1079,4582
6638,6633
6369,6368
5861,5859
1013,4531
2656,5901
2423,3927
4301,4306
3772,3773
5351,6143
6588,6578
1119,4621
5182,5755
6462,6490
4484,4981
1220,4464
3545,6694
2783,6011
0,3738
535,4137
6084,6178
6430,6424
4508,4484
3128,6349
3029,6245
5759,5757
578,4374
2974,6184
5488,5482
4159,4212
1333,5324
4421,4420
4903,4915
3055,6269
5835,5974
2295,5543
3674,3666
4947,4948
6627,6628
6586,6583
5399,3703
3859,3834
2944,6169
5516,5527
4449,4450
4229,4218
1141,4695
944,4557
1996,5290
3113,6331
5143,5145
5231,5232
4700,4698
3167,6387
4540,4545
3431,6597
2580,5824
6150,6153
2122,5403
3460,6605
3614,6435
373,3985
2012,5304
1843,5186
6297,6295
4387,4388
6442,6441
1363,4824
5337,5331
68,3732
6587,6522
5623,5624
1515,4098
659,4301
4522,3698
519,4123
4869,4853
5313,5165
5652,6516
2896,6118
1445,4851
4053,4051
4403,4401
3320,6500
55,3693
1858,5878
2459,5706
4207,4208
2199,5462
5489,4098
1597,4954
602,4195
4326,4339
3479,6628
3831,3835
5858,5860
2448,5695
1466,6143
2508,5756
4844,4843
1063,4574
3404,6645
4717,4380
710,4297
1098,4598
2371,5625
1888,5227
1186,4676
106,3776
5044,5049
4098,4097
6459,6460
1265,4744
2345,5605
6497,4093
5109,5100
3605,6426
278,3917
5571,5572
987,4504
1278,4751
3827,4263
1129,4636
5658,5657
1029,4536
4734,4736
6010,6003
1694,5026
3021,6246
4884,4883
5037,5040
3640,6748
3748,3742
2768,5990
5068,5051
1085,4588
375,3690
837,6001
3089,6307
4489,4498
2898,6123
4815,4817
729,4311
3299,6484
5509,5502
6286,6287
4459,4458
706,4285
2140,5421
1403,5525
5892,5893
5398,5399
5782,5776
3558,6704
3724,3719
1837,5180
5669,5673
5154,5153
2592,5834
1543,4922
3450,6596
1958,5260
1324,4771
4901,4893
5452,5458
5412,5143
3679,3654
3372,6549
5247,5253
5888,5885
667,4255
3908,3907
117,3783
2411,5672
2678,5906
774,4336
3664,3656
4198,4176
4343,4332
1603,4957
5277,5279
390,3999
1012,5087
4466,4467
2047,5342
3415,5992
5579,5589
216,3873
4668,4667
5602,5730
3192,6461
2839,6079
5117,5118
1090,4596
6403,6400
203,4260
4019,4013
5542,5535
759,4349
1305,4825
6393,6392
2545,5788
4188,4186
823,4395
5536,5654
1232,4729
31,3675
962,4507
4779,4777
3036,6255
6584,6579
1489,4892
1829,5172
2787,6013
1077,4579
1849,5194
1411,5525
2398,6231
2854,6522
5841,5838
2238,5490
491,4077
419,3678
5876,5590
5202,5198
735,4316
2233,5489
4694,4692
2359,5616
3219,6413
6055,6052
4830,4879
3865,3853
818,4391
5856,5853
20,3658
6105,6106
928,4472
5336,5525
5054,5059
5027,5032
4032,4031
4858,4904
2764,6522
3436,6591
2720,5947
2835,6074
4983,4985
3918,3725
5425,5428
6527,6523
1848,5189
2954,6181
6701,6702
3200,6461
1155,4654
2637,5872
5736,5735
2034,5335
135,3819
4234,4231
6386,6385
2211,5475
654,4187
5241,5285
1313,4777
4068,4183
5365,5361
4657,4656
6716,6720
1698,5023
4593,4592
4328,4325
5556,5553
4225,4247
6362,6363
2392,5649
5728,5716
4516,4503
5381,5385
3685,3673
1661,4991
3901,3939
5927,5909
231,3881
6224,6293
3633,6744
3093,6299
4647,4645
5498,5505
4846,5525
1321,4781
381,3998
6031,6034
3259,6452
2348,5606
5568,5567
1950,5261
1650,4759
1254,4739
3696,3686
273,3972
5106,5103
6243,6244
753,4317
5745,5744
607,4211
5451,5450
2924,6141
1224,4379
5808,5777
1529,4098
981,4518
4589,4622
2111,5395
5128,5127
5596,5660
5680,5681
5211,5528
2585,5827
2906,6122
1609,4958
6073,6522
5141,5136
4389,6001
3654,3655
430,4023
5560,5548
558,4215
4762,4825
5866,5864
3353,6547
122,4258
2744,5960
634,4218
97,3767
3854,3856
1974,5275
2532,5860
3052,6373
5959,5639
5183,5211
119,3821
3158,6039
5668,5723
6436,6439
3528,5997
2891,6115
2124,5158
1505,4897
6679,6677
4254,4255
2640,5874
3786,6645
1450,6143
3706,3705
320,3954
4266,4361
1782,5121
6206,6207
5656,5651
6279,6278
3313,3947
5022,5013
367,3980
3638,6759
299,3935
2868,6096
946,4486
5095,5096
905,4460
1734,5072
6654,6648
3116,6342
6472,6471
4625,4624
2266,5503
5170,5768
3547,6690
4967,6001
1647,4989
4872,4913
6161,6659
3084,6304
3171,6389
6608,6602
6491,6492
1194,4684
541,4133
4007,6645
5741,5740
6063,6068
1860,5878
5317,5315
3835,3834
4279,4274
174,4261
5532,5517
5633,5632
217,3869
2049,5340
2153,5438
5911,4098
5470,5879
4591,4611
4574,4572
4595,4594
3976,3760
2125,5404
3529,5997
5130,5125
4736,4381
755,4317
1134,4629
632,4234
4073,4070
5034,5039
2883,6156
6288,6289
998,4522
6725,6723
4976,4975
1124,4636
5053,5058
4202,4206
5616,5612
2956,6191
3487,6640
5056,5054
1279,4751
2939,6167
3230,6439
438,4022
3649,3648
1146,6001
3880,3889
6598,6594
2378,5626
5555,5548
427,3652
1973,5276
146,3811
3019,6234
4411,4412
3325,6502
5519,5517
6409,6460
1518,4098
1528,4914
548,4153
4299,4294
2548,5784
2480,5726
2230,5479
3949,3950
3973,3759
4730,5030
4637,4638
6303,6300
401,4008
3736,3739
91,3764
3712,3711
6106,6098
4201,4190
3119,6343
2509,5754
783,4352
1282,4789
2179,5443
5951,5941
1197,4378
856,4414
2667,5699
4135,4210
5795,5796
6211,6222
1431,4863
577,4172
5324,6001
5706,5708
6524,6521
5082,5083
5522,5518
4644,4643
4831,4827
6481,6482
1593,4952
2994,6292
1635,4975
4687,4701
3618,6435
5081,5063
4582,4374
5038,5036
1023,4540
6319,6320
2551,5791
326,3958
1559,4098
2364,5618
4469,4466
573,4374
3506,6658
3486,6638
4204,4200
6703,4105
947,4489
6089,6083
5547,5731
4654,4653
1717,5037
1100,4603
6153,6152
2441,5675
2103,5392
4142,4141
3720,3717
3934,3931
4794,4790
1621,4966
2973,6186
3249,6445
838,4400
6234,6289
690,4365
4293,4295
6508,6509
6561,6566
2258,5500
5655,5653
5209,5207
2565,5813
5755,5815
6557,6645
6057,6060
5222,5223
2641,5874
4511,4519
4407,6001
1880,5225
3619,6563
4391,6001
4886,4885
6398,6397
2560,5800
683,4278
5464,5453
4924,4098
1237,4719
922,4471
2825,6058
2433,5688
2653,5886
1055,4571
2858,6522
3805,3802
1810,5154
4124,4120
1565,4940
4555,4551
5915,5917
4683,4741
220,3874
5086,4929
4748,4735
6159,6660
5738,6254
1783,5121
3785,3786
3996,3993
3423,6576
1999,5349
6494,6496
339,4016
5570,5729
3995,3997
5160,5156
1965,5268
4813,4814
4987,4984
5577,5580
942,4485
3004,6230
1264,4747
5410,5156
2618,5587
5914,5910
5890,5885
302,3935
218,3873
3637,6765
1032,4989
936,4486
4432,5032
5024,5038
5896,5897
2526,5857
4812,4809
282,3991
441,3652
4624,4623
6653,6654
2855,6082
1083,4586
1164,6001
2078,5372
316,3951
6764,6757
6175,6172
41,3780
5263,5264
184,3856
2698,5925
4220,4222
2169,5447
5860,5842
5188,5184
88,3755
5597,5598
3798,3789
5945,5937
2807,6047
2337,5596
4615,4614
6739,6737
5332,5525
4791,5324
2705,5958
5678,5680
2289,5541
950,5795
6624,6739
6268,6267
2083,5375
4451,4452
6366,6365
1571,4948
996,5094
2781,5996
3357,6542
1274,4099
2588,5829
4103,4098
6580,6575
4601,4600
1198,4694
1392,4839
4352,4792
785,4342
2845,6072
4476,4481
444,4045
6676,6670
3620,6743
3260,6457
2002,5295
1794,5135
5485,5472
2806,6022
3049,6266
4767,4765
2517,5761
198,3849
286,3918
4195,4200
16,3661
673,4244
4691,4690
4825,4805
2206,5474
3310,6489
4809,4807
6429,6426
3362,6540
4893,4894
3261,6458
3750,3751
2254,5494
920,4470
698,4277
6209,6212
1845,5189
3331,6514
931,4483
2724,5657
4251,4276
3938,3937
6313,6315
1540,4920
2145,5489
794,4383
2394,5648
3365,3939
2780,5987
3822,3825
4991,4990
795,4383
6062,6522
51,3859
4992,4991
3799,3795
2063,5353
4087,4075
3373,4611
661,4308
2955,6181
6536,6533
6706,6707
1318,4774
892,4439
1316,4776
5766,5760
6035,6037
4538,4546
113,3786
1726,5061
2819,6055
3443,6598
2846,6080
2317,5568
6579,6644
4764,4763
3292,6503
1107,4609
1806,5141
5989,5988
3847,3851
378,3708
6413,6415
6428,6430
2361,5615
391,4000
2757,5967
5589,5591
3117,6340
825,4396
6012,5993
6122,6522
5924,5926
2610,5856
4089,4158
5013,5033
1774,5113
4145,4147
3663,3660
5265,5255
5996,6011
276,3915
512,4119
3768,3769
2728,5945
4332,4335
4199,4584
4957,4955
2464,5714
1795,5134
3963,3722
3824,4263
1775,5112
5377,5374
2293,5545
2488,5733
6405,6563
5139,5136
3756,5097
370,3975
2927,6147
4004,4002
2957,6192
3993,3994
3594,6722
4653,4650
2028,5321
4698,6599
87,4564
6484,6485
3138,6360
4164,4167
6758,6738
1928,5249
3683,3681
5739,5738
2143,5413
6600,6599
1441,4869
2893,6117
2048,5341
497,4084
4995,4999
2080,5372
4660,4410
2746,5643
6493,6494
5580,5590
2031,5322
876,4426
1988,5273
5158,5160
1382,4841
1964,5268
4166,4162
6655,6653
428,4025
5511,5502
5087,5088
315,3951
3356,6541
5048,5040
298,3934
3721,3720
5653,5652
6688,6687
6604,6575
4546,4544
4732,4731
377,3709
814,4427
2649,5888
6597,6585
4765,4794
1890,5219
4870,6143
568,4374
4741,6600
6424,6417
496,4087
2110,5392
1821,5161
2493,5737
515,4124
5494,5496
1400,5525
4885,4891
603,4204
983,4520
514,4114
5189,5187
758,4356
6350,6347
445,4038
2615,5856
2229,5487
6509,6517
3751,3744
1602,4956
5025,5024
1230,4715
840,4471
175,3842
4270,4272
2165,5435
4529,4534
5651,5630
5696,5694
2463,5714
3739,3737
4294,4296
1881,5225
1752,5066
90,3764
6751,6740
6489,6490
2546,5785
4600,4599
4686,4691
5503,5574
6317,6314
3143,6361
1283,4788
3512,5997
4808,4810
1078,4581
6046,6019
3715,3712
6360,6105
6300,6301
1460,4876
598,4211
4052,4056
53,3862
3669,3668
5226,4098
1089,4589
5036,5028
6080,6060
4252,4248
4140,4139
5364,5360
6482,6483
2009,5307
3201,6409
4642,4644
2501,5745
3868,3820
5338,5329
2366,5620
1520,4098
921,4469
6628,6622
6320,6321
3834,5984
6208,6211
615,4245
4838,5525
6097,4104
3894,3925
305,3936
3166,6386
2778,6522
891,4439
156,3817
6560,6559
1475,6143
1211,4688
2731,5951
3225,6436
6251,6250
2001,5295
3763,4553
2160,5438
863,4418
6578,6580
5640,5633
5599,5597
6485,6478
5083,5084
1588,4952
1577,4949
1169,4667
4443,4451
2281,5532
970,4492
957,5795
3801,3798
475,4066
2132,5409
1903,5235
3549,6696
2706,5965
479,4073
2357,5614
1788,5130
1147,6001
2133,5410
4630,4705
3308,6479
2319,5569
4751,4752
3033,6313
4638,4635
5761,5760
2734,5955
3811,3802
3109,6327
4200,4197
408,3660
1941,5881
429,3652
861,4417
2087,5377
2897,6113
103,3775
2334,5573
5830,5831
637,4235
4059,4058
5136,5137
2197,5452
1987,5273
1479,4098
2958,6191
6377,6374
4507,4509
6238,6286
5994,6012
3759,3760
5321,5313
3481,6635
3552,6695
4859,4857
5341,5338
4996,4995
6657,6703
6183,6187
826,4396
2750,5963
3571,4353
4650,4651
5733,6250
4934,4933
4235,4232
3521,6672
5617,5608
110,3778
4609,4658
2519,5771
2707,5934
4456,4444
5513,5511
6118,6111
1045,4549
4003,4004
6610,6600
5439,3701
3709,3710
2152,5438
790,4438
5407,5405
1861,5878
4348,4346
4433,4431
4714,4716
5323,5320
5632,5636
3899,3939
5088,5089
890,4433
4165,4166
5769,5768
1507,4894
74,3748
6029,6010
426,4025
1350,4812
5760,5748
6387,6374
5836,5830
3340,6510
572,4374
3867,3868
4236,4149
3538,6686
702,4271
1377,4831
949,4481
5796,5798
583,4175
6556,6560
5242,5284
6250,6249
1247,4732
4966,4965
1470,6143
3126,6348
3228,6428
815,4390
2410,5670
3118,6340
3764,3763
5758,5754
3032,6313
3830,3840
4016,3723
3108,6327
4857,4911
3769,3762
245,3942
1210,4688
6027,6024
5998,6000
4298,4293
1732,5061
1933,5881
5113,5120
6502,6503
4530,4529
3889,3878
1612,4963
2066,5363
2259,5505
5085,5053
2261,5498
359,3976
3140,6361
1510,4098
4116,4166
4054,4050
5363,5364
4136,4197
5362,5352
2208,5471
5443,5431
3613,6434
3488,6640
5549,5546
2344,5597
601,4201
1672,4995
5601,5598
4743,4742
1171,4672
6707,6708
5518,5520
4364,4365
5307,5306
4002,6645
1722,5052
2363,5620
4056,4054
1884,5219
4139,4136
2770,5985
6426,6563
3665,3669
613,4249
6750,6751
6754,6750
5814,6004
105,3774
5033,5038
5306,5301
5236,5878
6622,6621
1245,4732
3542,6686
4284,4187
3648,3651
2126,5451
585,4175
2024,5316
2725,5938
179,3845
4176,4649
1759,4754
5768,5746
3592,6724
855,4414
4975,4974
5650,5651
6340,6341
5308,5525
631,4234
1678,4999
2412,5670
1296,4764
3936,4033
1329,4791
919,4470
6605,6522
1912,5245
728,4315
4977,6001
3994,6645
4037,4011
3774,3775
1776,5119
1480,4098
3069,6285
2159,5418
6465,4093
3519,6676
163,3842
6555,5997
5207,5749
5487,5489
5552,5555
5058,5035
5066,5055
4571,4569
2400,6232
5995,5994
5801,5800
2500,5735
3802,3803
416,3780
939,4485
5575,5556
6743,6734
633,4235
6656,6657
5917,5909
4509,4499
5293,5344
4939,4934
5934,5936
2747,5963
5833,5830
1191,4665
2652,5890
3050,6310
6570,6563
2195,5461
982,4510
5137,5197
3502,6651
6347,6100
3760,3761
3710,3689
386,3996
5897,5898
1227,4716
3717,3716
1564,4940
1900,5235
1105,4608
889,4433
1600,4977
5583,5577
4005,4003
6695,6684
6496,6497
6425,6405
3522,6671
5156,5157
1644,4987
6230,6228
3647,6763
4106,4105
5463,5458
219,3870
271,3942
4277,4279
902,4456
5772,5854
4342,4348
4659,6001
3749,3743
1381,4835
5372,5371
1519,4893
3071,6290
1041,4529
6065,6063
2915,6133
4385,4384
6326,6325
5992,5989
1673,5011
4763,4762
2941,6168
3316,6500
2894,6114
3572,6706
3376,4611
6611,6610
2773,5985
1108,4609
4095,4094
1679,4997
2342,5599
5713,6336
4868,4852
5923,5921
3940,3938
4843,4842
2113,5398
1576,4950
3265,6453
2486,6251
1473,6143
2408,5669
6342,6341
562,4167
1940,5253
3304,6479
5949,5939
133,3793
5266,5256
5926,5927
2314,5569
2446,5695
1797,5139
1464,4880
4088,4181
4060,4059
5261,5265
3662,3659
5295,5294
1796,5132
2899,6118
4710,4686
2620,5928
5600,5602
279,3917
4564,5090
2085,5377
5268,5911
6327,6328
1076,4581
3057,6269
1939,5881
1562,4927
1427,4862
1365,4824
5493,5229
5428,5419
4750,4095
1317,4775
6314,6316
4386,4385
2836,6072
6365,6396
6120,6122
5272,5273
6718,6752
5908,5907
5681,5682
4115,4116
4097,4100
5605,5601
1596,5094
1671,4996
201,3849
3800,3801
2727,5657
2563,5810
953,5796
2000,5289
6490,6487
4452,4449
662,4306
6060,6177
2343,5599
281,3916
1539,4920
4138,4140
4880,6143
2058,5354
6294,6006
52,3862
1841,5186
6047,6043
2801,6035
4688,4686
4248,4249
6181,6180
2016,5373
4398,6001
5679,5677
65,3730
655,4187
5648,5636
5572,5653
1889,5226
458,4053
3668,3678
897,4439
1319,4770
129,3794
5590,5592
448,4040
1868,5209
4313,4314
2644,5876
5030,6600
500,4129
2168,5444
1623,4965
4281,4283
4603,4602
2490,5734
6256,6315
4353,4347
1714,5048
6487,6488
4797,4793
6625,5994
4716,5032
5598,5662
6390,6384
1213,4688
674,4244
5257,5878
4760,4755
6329,6328
6738,6739
681,4270
5967,5970
1295,4761
3514,6675
3309,6489
4969,4968
4891,4890
4535,4530
5296,5294
244,3898
3386,6645
1430,4903
76,3749
2590,5836
2976,6203
4300,4301
5812,5807
638,4218
1610,4963
6517,6518
5936,5937
5574,5570
680,4266
3380,6545
1662,4998
3660,3729
6532,6533
5121,5126
2084,5376
6492,6493
5875,5868
4090,4082
5474,4098
6582,5988
470,4191
3681,3682
59,3705
847,4964
3414,6576
2530,5860
1613,4964
6137,6135
2584,5827
974,4496
1205,6600
4614,4613
4493,4480
1839,5179
3005,6229
434,3652
1120,4625
2318,5568
4999,4997
3214,6408
2193,5463
3636,6759
3151,6371
3444,6587
2889,6115
3503,6656
5096,5087
1389,4841
4926,4098
6228,6219
4162,4163
2948,6173
5740,5739
904,4456
3855,3850
4171,4585
4209,4203
2458,5706
2925,6141
1228,4712
3907,3911
1705,5029
6479,4093
1225,4714
1240,4721
283,3991
3445,6598
1401,5525
6724,6723
4172,4180
6099,6100
3984,3761
5641,5640
1530,4098
1024,4538
937,4490
2151,5436
1932,5249
597,4195
4071,4068
2492,5737
2593,5572
3803,3785
355,3758
3920,3725
332,4027
3950,3945
3833,3831
132,3804
3962,3955
6399,6398
5955,5957
1991,5293
737,4315
226,3880
5084,5092
6351,6101
2631,5869
5235,5878
2299,5552
4205,4213
6083,6068
2022,5316
1716,5056
6512,6508
4883,4886
7,3649
327,3959
1975,5274
1978,5273
1998,5348
689,4280
4811,4809
536,4135
6343,6344
4592,4591
3959,3960
3842,3840
3666,3665
80,3750
6507,6574
6212,6223
2253,5494
5059,5057
3490,6637
6104,6105
1634,4976
2456,5705
1910,5241
2884,6156
4690,4700
1455,4876
2247,5232
6151,6150
4177,4176
3484,6635
222,3879
5486,5488
2379,5631
2758,5967
4680,4374
6596,6587
3203,6406
4340,4318
173,3823
6331,6330
5076,5082
2506,5745
2274,5521
5515,5501
1508,4098
1905,5236
4414,4415
549,4153
2674,5699
3714,3713
2478,5726
3457,6617
6222,6224
3705,3688
2636,5872
5028,5027
3611,6435
5171,5217
3198,6459
575,4179
6361,6363
4909,4903
2549,5792
3099,6318
2127,5404
4814,4797
3708,3709
2227,5487
2395,5648
5195,5190
772,4354
2571,5819
4759,4785
4573,4682
5834,5832
701,4268
6521,6522
4827,4935
6293,6288
418,3681
5670,5669
1212,4707
2566,5810
1075,4582
4315,4081
4008,4007
94,3765
4933,4936
25,3664
1170,4671
4731,4725
1398,4843
4594,4593
3172,6388
6444,6442
3234,6474
969,4508
6686,6687
971,4507
2234,5491
5548,5536
3034,6317
4413,4411
1486,4098
2381,5626
4534,4532
1399,4838
6258,6316
4777,4775
4431,4434
2520,5769
2708,5933
2191,5452
2938,6167
3551,6695
5201,5200
1417,4859
2660,5896
6123,6121
2654,5889
5055,5053
3562,5976
5214,5212
270,3942
4925,4098
1811,5153
24,3781
4744,4748
3504,6704
3593,6725
215,3875
4855,4910
4285,4284
3245,6445
362,3979
6423,6424
4531,4533
1348,4811
3468,6758
2873,6092
3,3815
4551,4548
4311,4320
4317,4319
5938,5936
3006,6230
5907,3715
839,6001
1304,4769
5462,5454
3328,6504
4532,3697
1426,4861
2413,5671
4226,4221
2162,5438
2714,5942
3184,6402
3997,4041
1646,4986
3330,6506
1022,4988
75,3748
669,4254
5408,5407
256,3907
1163,6001
1084,4586
1769,5106
3608,6730
223,3884
6146,6176
6397,6396
4141,4144
2466,5715
1193,4684
4545,5089
3823,6615
5110,5098
1885,5222
1195,4664
4371,4369
908,4455
1144,4652
43,3683
2930,6158
4715,4382
1751,5080
2443,5692
3866,3835
5904,5903
3276,6465
6267,6259
5567,5557
4031,4027
1641,4983
5065,5063
4807,4806
6090,6089
1048,4588
6248,6247
6064,6057
1911,5240
635,4218
3258,6452
5893,5588
5432,5437
2339,5661
5871,5870
337,4019
2260,5499
3755,3756
4072,4075
4911,4885
4481,4557
5135,5134
6336,6333
1495,4098
3767,3768
6715,5976
5847,5974
1300,4766
6577,6655
4295,4291
3948,3949
6671,6672
69,3738
4662,4661
6753,6749
803,6001
5853,5854
5726,5728
550,4152
2479,5727
2178,5443
1824,5170
304,3930
4467,4443
5145,5525
748,4327
4604,4602
4153,4141
6215,6209
5619,5617
5190,5183
1754,5065
3692,3687
1636,4974
2215,5474
2518,5766
5438,4098
4012,4021
2847,6078
1376,4830
1761,4829
4055,4051
1913,5244
3279,4093
5931,5932
4950,4945
2362,5618
5984,5981
1154,4654
1132,4630
5716,6334
6542,6645
1538,4918
617,4246
2634,5871
582,4174
664,4252
2051,5342
4789,4788
6540,3939
5675,3724
2809,6044
6478,6480
1649,4992
4134,4131
1172,4668
2442,5689
6036,6043
2360,5616
4616,4615
4480,4484
6037,6010
3622,6563
1145,6001
3087,6302
6144,6143
93,4487
2023,5308
6040,6045
6400,6401
6639,6634
5912,5913
5357,5358
5551,5554
3628,6741
5506,5570
6623,6624
4641,4627
3596,6722
3392,6645
414,3677
1413,5525
4193,4647
3690,3758
1494,4892
1692,5022
6544,6542
2753,5971
180,3846
2572,5818
2877,6157
4039,4047
5818,5892
3947,4093
183,3848
6291,6276
2738,5952
446,4043
1421,4858
5393,5449
1882,5221
5366,5365
147,3811
4310,4312
1035,4549
5249,5285
875,4426
4439,4432
6602,6605
2612,5852
5436,5477
3526,6668
5304,5303
6389,6392
5409,5160
297,3929
6271,6373
2062,5356
465,4057
2030,5321
5545,5542
5734,6287
556,4164
5991,6090
120,3864
5663,5654
5177,5174
757,4349
2525,5858
2749,5965
1710,5116
882,4511
3860,4258
4276,4366
2823,6052
6709,6712
2202,5468
3286,6472
2385,5637
2554,5808
4897,4899
1110,4616
3527,5997
2382,5634
770,4355
3085,6304
2271,5512
6088,6084
6648,6650
4302,4294
6471,6470
2745,5638
4747,4734
1549,4924
6068,6066
3130,6346
6475,6497
3873,6645
2200,5455
978,4511
4512,4516
2194,5462
453,4055
2447,5693
3554,6699
457,4056
6322,6321
6210,6291
5887,5888
6192,6187
1060,4574
5361,5359
1502,4098
5906,5905
5695,5685
537,4142
4380,4379
5540,5738
4940,5082
366,3983
1488,4098
6290,6518
4851,6143
3351,3912
993,4505
3020,6233
4292,4279
2912,6134
2960,6188
3882,3888
6692,6689
1550,4926
4297,4299
2900,6123
5500,5499
100,3767
859,4416
2112,5397
1111,4610
3916,3963
1680,5000
4864,4865
6197,6522
3018,6246
6677,5995
4074,4067
1372,4828
4628,4637
6302,6303
3408,6645
3129,6349
6315,6020
5757,5755
6407,6408
6385,6376
2399,5647
4900,5351
2699,5923
6358,6106
3161,6387
6523,6524
204,3847
1934,5253
3384,6562
3733,3731
3937,3933
4724,4730
3540,6688
1697,5023
780,4367
67,3728
2643,5875
2833,6071
1200,4685
4948,4949
5988,5986
656,4187
70,3741
4568,4567
202,3865
6427,6429
309,3936
2209,5475
194,3866
5791,5792
5756,5804
1892,5224
1523,4098
6713,4331
1370,4882
3077,6042
2092,5387
3820,3821
510,4121
5576,5579
2358,5613
131,3797
4596,4595
159,3824
4663,4660
4861,4860
3191,6456
6252,6238
1,3815
4986,4985
3463,6608
1826,5171
756,4343
5343,5328
812,6001
22,3662
4622,4612
3832,4262
2550,5794
2123,5403
4011,6645
247,3895
3895,6645
4137,4208
1781,5110
6683,6677
3321,6503
1851,5194
2784,5996
1604,4957
2491,5733
6167,6164
1984,5282
3221,6438
1065,6606
3037,6255
1236,4719
6637,6625
5118,5107
1309,4779
3418,6584
6052,6053
973,4493
1729,5069
4412,4410
6693,6689
6737,6521
4173,4373
4186,4196
116,3791
4505,5653
6606,6603
738,4311
3437,6592
4025,4022
3246,6444
1044,4555
4588,4587
3298,6484
612,4223
6000,6508
2853,6091
1277,4752
5305,5297
2302,5545
4636,4633
1573,4947
5049,5047
1689,5021
565,4374
3157,6379
3757,4093
2591,5834
544,4132
3133,6354
5413,5426
6289,6286
4455,4459
1655,4993
5859,5972
1897,5234
1809,5154
4817,4813
3646,6765
214,3872
6505,6538
338,4010
45,3665
5067,5068
3719,3718
471,4061
4422,6001
2054,5406
5346,5525
2664,5897
1453,6143
3853,3825
389,3995
1929,5243
4752,4094
3951,3952
261,3908
2709,5935
2029,5319
423,4023
1864,5206
2713,5942
2743,5959
5635,5637
3924,3923
5430,5434
5846,5848
3875,3874
6205,6653
6708,4325
5793,5789
5737,5736
3877,3879
5689,5675
95,3765
1379,4826
2552,5794
262,3899
46,3685
570,4170
6449,6446
4572,4573
2069,5366
4696,4674
1605,4955
3632,6744
1255,4744
6019,6017
3625,6563
4888,4884
854,4417
425,3652
709,4297
6661,6662
6193,6188
1852,5195
4879,6611
3367,6547
474,4069
6003,6006
4775,4773
2856,6085
1487,4098
334,4032
6687,6713
1620,4991
3112,6331
4923,4098
1690,5015
1525,4907
433,4037
2134,5411
2739,5956
1501,4887
5631,5629
5478,3702
2759,5975
552,4152
4070,4068
4231,4232
5194,5190
3441,6593
754,4323
1611,4960
5107,5109
6129,6176
2882,6156
5057,5034
5514,5516
6525,6527
2257,5498
3098,6318
4208,4193
915,4463
2068,5364
2304,5561
3458,6605
6081,6077
1527,4905
3195,6461
4876,4865
2474,5716
1373,4830
3980,3975
2880,6104
3142,6362
4656,4650
5553,5550
4697,4699
2096,5387
5442,5434
3862,3859
2064,5362
5165,5814
4438,4436
3155,6379
4536,4539
3471,6626
2879,6155
1310,4779
880,4428
1590,4953
5018,5017
5618,5600
3879,6645
4189,4194
2909,6131
6696,6693
2290,5539
1755,5062
3912,4611
3968,3965
868,4418
2294,5544
4366,6645
966,4498
782,4370
6731,6735
6357,6358
3609,6730
813,6001
5838,5831
3101,6322
1061,4574
4417,6001
5325,5324
3840,3822
104,3772
5342,5340
1857,5202
6246,6234
5820,5892
733,4313
2170,5445
3981,3978
3838,3833
6287,6016
152,6612
4306,4308
2472,5720
3400,6645
5711,5713
3268,6462
254,3910
4818,4814
6112,6108
1956,5262
1614,4964
4381,4377
5172,5759
6504,6537
3970,3964
61,3706
2403,5650
4316,4318
2044,5339
4120,4123
4533,4527
6486,6485
5614,5612
2237,5481
1657,4994
6115,6117
6247,6254
37,3679
6257,6258
6553,6551
3887,3926
4865,4939
6680,6679
1131,4634
2164,5424
3169,6388
3779,3780
6419,6423
2794,6008
4435,4441
1544,4921
2282,5533
2792,6021
5349,5344
6281,6279
767,4344
4998,5006
19,3739
5475,5880
4238,4236
732,4322
6658,6657
23,3782
6034,6028
4255,4253
1452,6143
3197,6506
2026,5317
89,3756
4460,4457
5326,5318
2959,6183
3911,3909
1822,5769
6531,6571
724,4302
614,4220
5094,5095
2285,5538
3451,6614
5638,5639
1931,5243
3595,5999
670,4256
761,4341
501,4136
2041,5337
2315,5655
3697,3696
5435,5418
3858,3860
5624,5617
1121,4625
1542,4919
5827,5822
4131,4132
1322,4771
1006,5094
563,4159
3421,6581
663,4251
5854,5514
807,6001
1394,4844
1793,5133
516,4120
4283,4288
4796,4797
1190,4662
2481,6249
2916,6137
6203,6202
6328,6356
2467,5717
5581,5578
3784,4258
3319,6495
5895,5899
5176,5757
1696,5026
1099,4597
1960,5926
5043,5115
3174,6390
449,4047
368,3984
4100,4099
409,4021
5270,5272
124,3801
4985,4984
5682,5667
2561,5817
5971,5970
2086,5375
2338,5659
1343,4803
2502,5741
5810,5809
5335,5330
5269,5270
3058,6270
6752,6753
4450,4447
750,4333
2147,5425
126,3800
625,4228
4824,4820
5331,5329
6310,6312
2444,3724
3359,6546
249,3886
4513,4516
5167,5166
6044,6029
5987,5980
3472,6628
6702,6703
5621,5622
5902,5699
5824,5822
234,3883
4581,4578
5147,5143
579,4178
3239,6440
2014,5303
1087,4590
5237,5878
660,4300
6042,6037
3678,3677
5649,5644
797,4386
3584,6467
6213,6214
3691,3692
677,4366
6662,5997
948,4478
3644,6762
2059,5354
539,4147
5609,5603
6005,5977
6285,6278
1015,5096
5985,5987
1033,4547
5185,5187
6650,6645
6691,6692
3516,5997
4078,4083
2196,5463
6620,6605
806,6001
6720,6717
4013,4010
2409,5673
4524,3694
5142,5152
718,4307
6667,6663
671,4243
1886,5230
176,3854
5316,5315
2298,5552
5469,4098
3363,6543
3056,6268
5219,5218
5496,4098
6038,6017
1429,4862
6545,4611
775,4784
5778,5516
2642,5875
1652,4785
2975,6184
3804,3810
801,6001
6518,6515
4963,4962
1976,5274
3770,3768
1175,4663
5746,5759
1354,4815
3048,6265
461,4050
5072,5057
4457,4444
2109,5395
4890,4939
1298,4763
5356,5355
2225,5485
2555,5808
2309,5564
5126,5125
2859,6087
4382,4381
684,4266
1189,4676
252,3895
3998,3993
2933,6681
4994,4991
4084,4161
6025,6034
5779,5842
4607,4608
4649,4646
6086,6088
3001,6229
421,4009
6554,6645
6636,6621
3844,3833
2589,5833
3449,6608
593,4184
874,4424
6069,6065
5153,5163
6763,6755
109,3814
4837,4836
5702,3718
5964,5962
6095,6148
3783,3790
5508,5506
3215,6422
616,4220
1522,4901
1616,4962
268,4599
4988,4980
3352,6548
4331,4107
693,4282
2241,5493
2483,5734
4835,4837
2981,6204
4168,4171
1243,4733
5327,5325
2878,6094
6130,6126
6595,6596
189,3861
6189,6618
4253,4243
1034,4558
3474,6626
716,4281
3983,3981
6101,6097
5161,5159
349,3973
968,4496
2286,5537
5921,5920
5544,5540
3747,3742
1345,4808
3667,3664
6740,6738
6341,6364
926,4476
4221,4219
1081,4696
4035,4033
6134,6132
636,4218
747,4329
4822,4818
1385,5292
4678,4447
357,3758
1957,5262
6026,6020
1003,5094
2866,6522
1713,5045
5373,5525
6114,6112
4517,4520
5550,5549
1178,4665
1199,4702
5872,5871
1962,5911
1803,5149
1074,4577
6075,6069
1201,4689
6529,6525
6511,6507
531,4209
6223,6225
2375,5627
4041,4042
3883,6645
2987,6210
2577,5820
1916,5241
6458,6454
3796,3787
5705,5707
2885,6156
4984,4980
2367,5621
411,4015
5564,5559
894,4430
6202,6655
5704,5697
4541,4537
505,4118
2043,5336
665,4250
6141,6140
6043,6045
3961,3955
4494,4557
1497,4889
3409,6645
5017,5073
3348,6536
2184,5442
2277,5526
1744,5081
125,3799
6617,6619
4703,4697
3634,6754
5333,5331
5035,5033
2297,5558
1374,4831
5204,5752
1509,4898
3127,6348
3874,3944
676,4257
713,4299
2742,5959
3053,6271
312,3940
4444,4442
5952,3717
4882,4879
3339,6510
4094,4092
2661,3717
2507,5758
2475,3904
4458,5032
114,3784
1378,4826
2453,5667
2020,5311
1865,5206
6194,6195
5946,5950
6446,6441
1575,4945
5873,5867
462,4060
4718,5032
6006,5998
6503,6496
5210,5211
6411,6524
6410,6412
5604,5600
4965,4990
3342,6534
1990,5347
6085,6077
4273,4364
3917,3913
1626,4969
1866,5208
1390,4838
5414,5427
1406,4850
2562,5811
1436,4854
3498,6639
2679,5916
1780,5119
2872,6103
4323,4089
4462,4458
4677,4675
5157,5147
185,3844
5224,5226
3969,3965
6166,6164
5725,6335
717,4298
6200,6196
2270,5510
1106,4607
1297,4764
3065,6282
4065,4062
6121,6119
2499,5736
5997,5995
3187,6401
2655,5890
1408,5525
3716,3715
3153,6372
1091,4596
1791,5133
3643,6763
4497,4495
5090,5097
3878,3943
115,3790
5454,5453
2587,5833
6173,6170
6633,6634
1777,5111
6460,6523
5852,5973
1617,4962
3150,6366
4671,4412
2323,5573
1353,4815
1351,4812
2950,6175
1017,5095
5477,5476
3270,6463
776,4354
6014,6009
2418,5671
5163,5162
4974,4973
1256,4745
66,3730
906,4459
5837,5835
4083,4074
2645,5876
5416,5414
2128,5451
4419,4415
1944,5253
4664,4378
700,4268
3645,6762
2765,5991
620,4226
3237,6473
504,4113
205,3831
6094,6155
4896,4898
5533,5532
6301,6299
3975,3761
6124,6150
6170,6171
739,4314
5424,5420
900,4432
5840,5842
6543,6541
1293,4761
5862,5908
5217,5212
144,3805
1967,5911
4390,6001
6136,6128
2275,5506
881,4428
2788,5980
989,4517
2798,6046
374,3986
6195,6618
233,3882
6132,6127
4635,4695
5417,4098
1002,5094
431,4018
1383,4837
1675,5011
3700,3699
1894,5226
1669,5012
424,3652
3891,6645
6370,6368
5146,5147
1633,4976
5920,5908
481,4072
1396,4845
4249,4246
6746,6747
1862,5204
3780,6645
6454,6453
4014,3653
5431,4098
248,3896
6156,6151
451,4112
1589,5094
5105,5107
2711,5657
1435,4870
246,3892
3464,6620
1524,4905
2228,5486
3435,6582
3411,6645
4544,4535
1284,4787
1337,4801
3059,6310
1360,4821
251,3885
6295,5998
6641,6642
2669,5895
1825,5169
1173,4666
5101,5099
6550,4611
896,4441
6735,5997
5979,5978
5800,5790
460,4053
265,3900
1961,5924
4394,6001
5491,5479
3079,6294
6451,5997
1289,4758
6733,6411
3243,6443
581,4178
3988,3710
1306,4794
405,4006
1258,4736
2272,5513
447,4038
2032,5323
4233,4218
4749,4100
3890,6645
6270,6312
2888,6116
5993,5992
938,4550
1970,5272
3467,6761
1349,4808
5839,5837
1214,4697
3345,6530
715,4283
1402,4846
1930,5285
5637,5701
4437,4435
5420,5480
2249,5495
5983,6089
4123,4163
6601,6604
241,3891
3886,3888
3338,6519
2469,5717
4219,4218
6017,6015
5029,5114
6140,6129
2150,5430
1683,5014
5138,5203
5970,5969
4839,4836
476,4069
1114,4617
3806,3792
4125,4126
2070,5129
333,4029
4374,4373
277,3969
862,4417
5829,5828
4213,4212
3578,6715
5419,4098
6053,6522
3652,5997
342,3962
3904,3909
473,4065
6191,6193
5002,5074
6630,6629
2961,6183
2055,5350
4675,4682
651,4240
1268,4872
4308,4274
2046,5339
596,4199
3385,4611
5111,5091
6033,6005
5215,5213
1762,5086
4350,4351
4613,4612
1856,5196
4335,4150
4418,6001
1196,4681
1812,5159
6373,6030
5869,5907
1419,4855
3194,6505
6635,6633
257,4605
4304,4296
4157,4165
6262,6263
6,3815
2680,5916
5543,5534
3208,6410
3159,6380
6174,6172
2874,6102
188,3855
437,3652
3182,6402
4372,4436
5643,5638
3585,6466
6619,6604
6148,6146
4918,4098
3416,6647
3559,6701
580,4173
6719,6720
1109,4616
6401,6461
4729,4723
848,4407
4587,4673
4556,4557
1008,4528
3023,6236
1773,5113
1071,4576
5354,5353
4679,6600
4958,6001
824,4395
1174,4668
2797,6036
5064,5071
4946,5094
3621,6741
2146,5425
415,3663
1985,5277
235,3941
3848,3843
450,4048
2511,5761
322,3949
4010,4016
153,3828
4085,4080
3008,6217
3236,6555
5212,5210
769,4357
2473,3906
1557,4937
5811,5806
1412,5525
236,3897
3661,3658
1366,4793
2970,6200
522,4128
4970,4968
960,4509
6464,4093
4196,4195
3011,6235
1418,4858
5727,3906
4611,5999
696,4265
4427,6001
1314,4780
306,3928
2717,5946
4738,4721
1334,4800
4514,4513
6548,6645
2503,5740
3360,6544
2207,5470
1555,4927
1469,6143
3898,3942
4894,4883
2767,6522
2212,5473
4576,4579
2665,3717
3223,6425
5330,5332
4665,4669
2986,6215
123,3795
3587,6721
199,3865
5152,5201
611,4245
5877,5880
2393,5644
5986,5984
5298,5327
1668,5007
2365,5619
29,3662
2611,5850
5492,5229
2635,5870
455,4055
149,3816
4397,6001
4472,4475
2831,6070
1846,5188
4396,6001
4482,4480
1921,5281
158,3817
4336,4334
3851,4259
619,4249
5180,5177
5411,5157
2244,5231
5227,5218
4259,4260
5773,5859
2091,5380
399,4003
228,3889
2510,5762
5460,5454
1914,5244
3718,3721
2651,5887
4104,4103
3861,3867
789,4368
1393,4844
2346,5601
517,4124
5063,5039
2042,5337
1553,4925
4599,4611
2449,5691
5290,5289
4027,4020
3776,3777
1127,4699
5501,5553
999,4523
6651,6646
3336,6514
6220,6219
5026,5025
857,4408
3318,6491
1137,4638
1572,4947
2905,6121
6349,6350
6061,6064
3122,6337
932,4556
280,3916
6690,6693
5375,5369
4586,4674
5953,5952
4971,4967
5218,5257
4291,4292
6024,6026
4077,4082
2312,5565
3263,6457
2156,5417
560,4155
2419,5724
1112,4610
4726,4381
3653,3652
1040,4555
5203,5201
3448,6607
5909,5911
5919,5917
2824,6059
800,4389
2934,6160
5591,5574
3475,6627
740,4090
4552,4553
6599,6606
2595,5832
5642,5640
5816,5806
3828,4239
704,4284
6396,6032
5259,5255
843,4403
4144,4205
903,4455
3933,3932
5963,5964
5322,5319
472,4061
2136,5413
2292,5543
2267,5507
3564,5976
2226,5484
6149,6145
42,3669
1440,4869
1463,6143
5805,5527
1346,4811
6307,6305
319,3951
6457,6527
2056,5407
1813,5158
3405,6567
384,3992
62,3707
1517,4901
3741,4562
6682,6679
867,4418
6470,6469
4769,4765
3086,6303
1136,4641
1586,4953
4465,4464
6339,6099
5092,5094
4197,4375
3252,6447
4788,4787
6138,6136
5006,5001
4820,4819
4155,4213
291,3920
2684,5918
4232,4309
4790,4792
6054,6050
6002,6005
1693,5013
5874,5867
2356,5613
3550,6696
691,4275
1266,4421
2424,5678
6675,5997
4303,4292
5747,5746
4263,4261
2331,5585
5122,5126
5913,5915
4066,4070
3322,6502
4105,4102
3124,6345
5384,5456
5445,5444
2106,5388
6722,6718
5687,5681
530,4207
3699,3698
5221,5220
5691,5685
4510,5653
3267,6462
2737,5952
5720,5719
3794,3788
5225,5220
6163,6165
6142,6140
6468,5976
5932,5697
5168,5217
6547,3912
5620,5619
4428,5652
3466,6683
482,4076
6050,6048
5074,5073
3284,6561
5520,5514
4447,4448
3120,6343
3744,3745
1369,4828
2477,5727
288,3918
3315,6499
5389,5388
1117,4619
6406,6415
2183,5441
6332,6330
6145,6146
5151,5148
3711,3714
1312,4783
884,5653
5819,5894
2704,5930
1753,5078
71,3741
599,4201
4156,4144
4518,4513
1595,4951
4907,4917
4440,5653
5821,5891
5192,5191
5849,5844
1767,5106
3701,3704
5855,5850
798,4387
2264,5584
1021,4540
6700,6698
6621,6625
1521,4098
2812,6124
2628,5865
5418,6056
1434,4866
3281,4093
1787,5128
5267,5265
3694,3697
5751,5750
2582,5824
3935,3930
2391,5645
3788,3789
576,4180
3990,3994
4755,4785
6240,6241
6298,6297
4561,4558
1226,4712
976,4512
3275,6465
5743,5739
3370,6645
3433,6589
3051,6266
255,3899
4337,4319
5684,5678
2983,6206
4175,4173
3570,4353
6748,6745
4920,4098
4602,4601
4847,5525
641,4218
1686,5016
1715,5056
2163,5435
3945,3946
4318,4088
2886,6197
4491,5799
3090,6306
5097,4091
2733,3717
2094,5464
1979,5276
2104,5394
3656,3657
6182,6654
4023,4026
3612,6433
2693,5922
3210,6414
5131,5124
3072,6285
4486,4495
5965,5964
4146,4206
2857,6522
1513,4899
3639,6746
2235,5483
2630,5866
3287,6472
2440,5688
2627,5587
317,3953
4240,4187
3170,6393
2527,5783
6117,6111
60,3706
6304,6302
4349,4347
2931,6158
1447,4873
3829,3832
4525,4524
1535,4098
3787,3785
2402,5650
4719,4715
47,3685
3530,5997
3232,6414
3505,6656
3532,6680
3272,6464
5175,5177
589,4198
6066,6056
6028,6029
1451,6143
211,3873
3910,6645
5479,5482
4436,4431
1188,4741
4684,4683
3531,5997
2850,6082
4899,4886
5611,5610
5626,3721
5636,5630
6356,6351
4955,6001
6255,6314
1148,4652
2326,5576
162,3824
243,3942
4997,5004
5629,5701
6759,6764
4875,4874
1425,4861
2782,6013
1409,5525
6574,6571
4190,4193
393,4001
3972,3970
5281,5285
6079,6065
878,4430
5831,5520
3513,6674
469,4064
1622,4966
5910,5904
2972,6186
2079,5370
6125,6522
2003,5296
2471,5721
5233,5878
4150,4151
1801,5144
210,3871
1484,4098
3731,3735
4562,4563
5093,5091
325,4026
699,4269
4707,4701
1874,5222
1869,5209
314,3757
5813,5812
2340,5594
2594,5836
3483,6636
3422,6584
687,4280
1054,4570
1080,4692
3002,6225
1331,4795
1674,4996
6076,6057
2252,5496
6618,6577
3588,6760
4567,4569
5789,5798
4968,4967
3277,4093
2903,6120
4906,4908
3864,3868
3390,6562
1143,4642
5754,5756
5385,5449
3738,3815
3015,6233
79,3750
3028,6243
2516,5765
534,4135
6098,6099
6432,6427
3141,6362
5905,5908
5667,4103
2761,6522
4685,4687
1765,5102
1018,4546
2539,5787
313,3937
5446,5478
3985,3761
1516,5362
4477,4474
6699,6697
3296,6477
4782,4772
3797,3799
1368,4882
3631,6756
3958,3959
893,4446
2427,5679
1891,5226
1766,5108
2952,6179
4362,4358
5517,5515
3095,6311
3346,6532
5625,5622
459,4054
5499,5593
2675,5699
5809,5774
387,3995
2940,6168
746,4326
2149,5429
57,3687
841,4402
5264,5266
4740,4748
4426,6001
2036,5330
4993,4991
2697,5925
521,4163
1598,4954
360,3759
5359,5357
1500,4098
365,3981
4384,4380
2829,6062
935,4490
4889,4888
2583,5826
264,3903
1217,4710
502,5978
3164,6377
1551,4926
2280,5519
3807,3793
4842,4833
1246,4726
860,4404
2962,6193
354,3758
997,5094
3305,6479
4823,4818
3440,6592
6133,6132
995,4522
6274,6277
1700,5031
5974,5973
6030,6014
888,4440
4598,4597
6500,6495
3507,6658
1025,4542
6354,6353
2513,5751
6710,6708
2890,6110
621,4223
4319,4324
5047,5055
1270,4749
3395,4611
566,4169
3173,6382
3242,6444
1682,5019
2328,5582
546,4131
2470,5712
1420,4859
3852,3853
2851,6091
4214,4196
2625,5863
567,4374
538,4142
5730,5731
263,3908
6576,5989
1739,5067
727,4305
2007,5305
2108,5396
1927,5251
6376,6015
2964,6192
4492,4491
1899,5234
5541,5540
3288,6497
1386,4840
4111,4110
1643,4983
6402,6455
2662,5898
3927,3922
2050,5341
5933,5935
4269,4264
6233,6228
1162,6001
3952,3948
1579,5094
6506,6505
3919,4036
5468,5469
1840,5181
5406,5145
49,3684
5966,5961
1805,5137
1582,5094
1222,4465
5282,5278
1514,4098
967,4493
181,3850
2848,6078
1153,6001
3147,6367
3689,3690
3489,6638
3186,6404
532,4138
3324,6501
1183,4670
212,3872
6152,6144
2460,5710
3821,3818
4355,4088
3391,4611
4410,4449
3893,3892
4936,4935
3062,6281
4021,3682
4942,4943
4774,4776
2772,5983
1712,5048
3581,5976
4049,4189
345,3966
1101,4603
5112,5093
5554,5547
1242,4737
1728,5069
5940,5941
379,3987
1853,5192
2236,5479
6164,6165
2754,5971
5714,5709
4314,4310
5863,5908
513,4122
720,4300
4848,4850
4623,4622
3812,3803
6330,6351
1938,5247
1133,4639
5928,5920
4415,4413
4174,4179
4944,4942
1367,4819
403,4006
5060,5052
3224,6438
2120,5402
2011,5306
4834,6610
6672,6673
1945,5881
6266,6267
923,4529
5562,5551
6408,6405
6383,6375
4086,4083
107,3776
1935,5253
4627,4628
952,4494
2455,5707
5311,5312
3256,6448
3262,6454
5843,5835
4725,4724
5246,5245
2176,5431
1281,4756
3671,3676
3076,6003
406,4008
192,3866
6563,5999
5173,5171
1238,4727
5792,5790
4949,4950
1594,5094
1760,4829
5186,5184
6169,6163
2322,5563
6643,6012
1768,5101
751,4340
2396,5646
3202,6413
1176,4662
6590,6585
1637,4973
666,4252
5404,5451
831,4399
3837,3822
330,3960
2985,6292
3377,4611
2452,5693
1872,5216
1168,6001
4867,4868
4203,4202
2190,5455
3569,6706
2523,5770
5287,5881
3884,3882
1743,5080
4118,4162
3103,6324
138,3809
2648,5884
1815,5150
4420,4413
986,4500
2689,5906
4075,4074
5784,5781
6729,6736
2161,5436
2115,5397
1915,5240
4806,4805
36,3680
4565,4587
712,4293
5461,4098
2,3648
2082,5376
307,4033
5832,5823
1496,4098
3393,6551
1273,4096
4766,4767
1949,5266
2465,5715
336,4020
1792,5135
5368,5123
3080,6296
5948,5949
2779,6087
1287,4755
2489,6252
2614,5852
6172,6171
2105,5381
15,3726
5303,5302
3213,6420
5538,5534
4704,4711
3525,6669
6275,6517
2278,5530
6534,6532
487,4079
397,4000
1711,5116
296,3929
5662,5663
2386,5635
3154,6381
4163,4160
4183,4181
3574,6711
1267,4747
3038,6256
3291,6475
6372,6365
440,3652
2203,5467
6227,6220
4549,4529
1632,4967
6726,6753
792,4434
5062,5051
6004,6001
2821,6055
3480,6629
5115,5114
3066,6283
6102,6093
5592,5588
